792 792 5336
0 0 2
0 1 -1
0 2 -0.993333
1 0 -1
1 1 4.2
1 2 -0.228889
1 3 -0.331111
1 4 -2.66667
2 0 -0.993333
2 1 -0.228889
2 2 3.75768
2 4 -0.310606
2 5 -0.41
2 6 -1.82318
3 1 -0.331111
3 3 3.59972
3 4 -0.941944
3 7 -0.493333
3 8 -1.83333
4 1 -2.66667
4 2 -0.310606
4 3 -0.941944
4 4 7.68442
4 6 -1.1152
4 8 -1.16667
4 10 -1.5425
5 2 -0.41
5 5 3.57917
5 6 -1
5 11 -0.498333
5 12 -1.67042
6 2 -1.82318
6 4 -1.1152
6 5 -1
6 6 7.63088
6 10 -1.95931
6 12 -1.77778
7 3 -0.493333
7 7 3.74407
7 8 -0.745741
7 9 -0.326667
7 13 -2.16667
8 3 -1.83333
8 4 -1.16667
8 7 -0.745741
8 8 7.51667
8 10 -0.819815
8 13 -0.505
8 14 -2.50444
9 7 -0.326667
9 9 3.62077
9 13 -0.963628
9 16 -0.421905
9 18 -1.90952
10 4 -1.5425
10 6 -1.95931
10 8 -0.819815
10 10 7.75861
10 12 -0.523518
10 14 -0.171111
10 15 -2.66667
10 20 -0.171111
11 5 -0.498333
11 11 3.73407
11 12 -0.745741
11 19 -0.326667
11 21 -2.16667
12 5 -1.67042
12 6 -1.77778
12 10 -0.523518
12 11 -0.745741
12 12 7.66731
12 20 -2.50444
12 21 -0.5
13 7 -2.16667
13 8 -0.505
13 9 -0.963628
13 13 7.29199
13 14 -1.04058
13 18 -0.956825
13 22 -1.71429
14 8 -2.50444
14 10 -0.171111
14 13 -1.04058
14 14 7.49276
14 15 -1.17281
14 22 -1.14286
14 24 -1.52857
15 10 -2.66667
15 14 -1.17281
15 15 7.64277
15 20 -1.16837
15 23 -1.34254
15 24 -1.33333
16 9 -0.421905
16 16 3.5581
16 17 -0.490582
16 18 -0.902222
16 27 -1.74815
17 16 -0.490582
17 17 3.65783
17 25 -0.393333
17 27 -0.769746
17 28 -2.00705
18 9 -1.90952
18 13 -0.956825
18 16 -0.902222
18 18 7.10482
18 22 -0.973304
18 27 -0.867078
18 29 -1.55523
19 11 -0.326667
19 19 3.55463
19 21 -1.10861
19 26 -0.430833
19 30 -1.69019
20 10 -0.171111
20 12 -2.50444
20 15 -1.16837
20 20 7.51054
20 21 -1.03614
20 23 -1.52857
20 31 -1.14286
21 11 -2.16667
21 12 -0.5
21 19 -1.10861
21 20 -1.03614
21 21 7.35127
21 30 -0.754212
21 31 -1.82778
22 13 -1.71429
22 14 -1.14286
22 18 -0.973304
22 22 7.04686
22 24 -1.04444
22 29 -0.829194
22 33 -1.39483
23 15 -1.34254
23 20 -1.52857
23 23 7.03865
23 24 -0.690476
23 31 -0.700397
23 32 -1.36214
23 34 -1.5
24 14 -1.52857
24 15 -1.33333
24 22 -1.04444
24 23 -0.690476
24 24 7.14365
24 33 -0.807143
24 34 -1.7873
25 17 -0.393333
25 25 3.62086
25 28 -0.845225
25 35 -0.447879
25 36 -1.9503
26 19 -0.430833
26 26 3.58875
26 30 -0.842708
26 38 -0.493333
26 39 -1.83833
27 16 -1.74815
27 17 -0.769746
27 18 -0.867078
27 27 7.16314
27 28 -0.908261
27 29 -0.994919
27 41 -1.9357
28 17 -2.00705
28 25 -0.845225
28 27 -0.908261
28 28 7.12541
28 36 -0.969996
28 41 -0.9974
28 42 -1.42548
29 18 -1.55523
29 22 -0.829194
29 27 -0.994919
29 29 7.22161
29 33 -1.11611
29 41 -0.615536
29 43 -2.19406
30 19 -1.69019
30 21 -0.754212
30 26 -0.842708
30 30 7.25846
30 31 -1.2623
30 39 -1.89206
30 45 -0.884159
31 20 -1.14286
31 21 -1.82778
31 23 -0.700397
31 30 -1.2623
31 31 7.30768
31 32 -1.86532
31 45 -0.568076
32 23 -1.36214
32 31 -1.86532
32 32 7.68477
32 34 -0.87085
32 45 -1.20666
32 46 -2.42213
33 22 -1.39483
33 24 -0.807143
33 29 -1.11611
33 33 7.38438
33 34 -0.748413
33 43 -0.459044
33 44 -2.58008
33 47 -0.314478
34 23 -1.5
34 24 -1.7873
34 32 -0.87085
34 33 -0.748413
34 34 7.88918
34 46 -0.1
34 47 -2.93333
35 25 -0.447879
35 35 3.60507
35 36 -0.822802
35 37 -0.485641
35 49 -1.82208
36 25 -1.9503
36 28 -0.969996
36 35 -0.822802
36 36 7.27708
36 42 -0.873651
36 49 -0.689444
36 50 -2.04304
37 35 -0.485641
37 37 3.60339
37 40 -0.423636
37 49 -0.818104
37 51 -1.87939
38 26 -0.493333
38 38 3.69461
38 39 -1.34848
38 54 -1.07126
38 55 -0.782143
39 26 -1.83833
39 30 -1.89206
39 38 -1.34848
39 39 8.52398
39 45 -0.163074
39 53 -3.35224
39 55 -0.0234483
40 37 -0.423636
40 40 3.67081
40 51 -0.853788
40 56 -0.368333
40 57 -1.99838
41 27 -1.9357
41 28 -0.9974
41 29 -0.615536
41 41 7.11383
41 42 -1.105
41 43 -0.980497
41 59 -1.56617
42 28 -1.42548
42 36 -0.873651
42 41 -1.105
42 42 7.04776
42 50 -1.17185
42 59 -0.790368
42 60 -1.742
43 29 -2.19406
43 33 -0.459044
43 41 -0.980497
43 43 7.52327
43 44 -1.64436
43 59 -1.76103
43 61 -0.550103
44 33 -2.58008
44 43 -1.64436
44 44 8.15147
44 47 -0.580922
44 48 -2.57033
44 61 -0.845647
45 30 -0.884159
45 31 -0.568076
45 32 -1.20666
45 39 -0.163074
45 45 6.8278
45 46 -1.07586
45 53 -1.202
45 58 -0.684289
45 62 -1.15743
46 32 -2.42213
46 34 -0.1
46 45 -1.07586
46 46 7.50539
46 47 -1.08377
46 62 -1.36585
46 63 -1.51394
47 33 -0.314478
47 34 -2.93333
47 44 -0.580922
47 46 -1.08377
47 47 7.79799
47 48 -1.53799
47 63 -1.40467
48 44 -2.57033
48 47 -1.53799
48 48 8.20243
48 61 -0.396603
48 63 -0.982088
48 64 -2.77408
49 35 -1.82208
49 36 -0.689444
49 37 -0.818104
49 49 7.20438
49 50 -1.19151
49 51 -0.815045
49 65 -1.94242
50 36 -2.04304
50 42 -1.17185
50 49 -1.19151
50 50 7.43668
50 52 -2.0913
50 60 -0.323345
50 65 -0.674436
51 37 -1.87939
51 40 -0.853788
51 49 -0.815045
51 51 7.16154
51 57 -0.987715
51 65 -0.892002
51 66 -1.7773
52 50 -2.0913
52 52 7.84337
52 60 -1.14577
52 65 -1.21991
52 67 -0.825393
52 68 -2.59111
53 39 -3.35224
53 45 -1.202
53 53 8.60726
53 55 -1.92328
53 58 -2.17459
54 38 -1.07126
54 54 3.71158
54 55 -0.894526
54 69 -1.12875
54 70 -0.0148611
54 72 -0.66582
55 38 -0.782143
55 39 -0.0234483
55 53 -1.92328
55 54 -0.894526
55 55 7.38941
55 58 -0.504053
55 71 -1.64742
55 72 -1.6983
56 40 -0.368333
56 56 3.59936
56 57 -0.962584
56 73 -0.412678
56 74 -1.85729
57 40 -1.99838
57 51 -0.987715
57 56 -0.962584
57 57 7.30571
57 66 -0.612248
57 74 -0.776068
57 77 -2.026
58 45 -0.684289
58 53 -2.17459
58 55 -0.504053
58 58 7.64724
58 62 -1.20793
58 71 -0.671221
58 78 -2.48951
59 41 -1.56617
59 42 -0.790368
59 43 -1.76103
59 59 7.3277
59 60 -1.82303
59 61 -0.910178
59 79 -0.566884
60 42 -1.742
60 50 -0.323345
60 52 -1.14577
60 59 -1.82303
60 60 7.81233
60 67 -2.46913
60 79 -0.360963
61 43 -0.550103
61 44 -0.845647
61 48 -0.396603
61 59 -0.910178
61 61 7.1195
61 64 -1.07022
61 79 -1.89858
61 80 -1.5211
62 45 -1.15743
62 46 -1.36585
62 58 -1.20793
62 62 7.52776
62 63 -0.920927
62 78 -0.289184
62 82 -2.62937
63 46 -1.51394
63 47 -1.40467
63 48 -0.982088
63 62 -0.920927
63 63 7.65461
63 64 -0.00461538
63 81 -2.76923
63 82 -0.144476
64 48 -2.77408
64 61 -1.07022
64 63 -0.00461538
64 64 7.70052
64 80 -1.34066
64 81 -1.13414
64 83 -1.43333
65 49 -1.94242
65 50 -0.674436
65 51 -0.892002
65 52 -1.21991
65 65 7.28997
65 66 -1.7333
65 68 -0.346883
65 85 -0.539711
66 51 -1.7773
66 57 -0.612248
66 65 -1.7333
66 66 7.77578
66 77 -0.97596
66 84 -2.50057
66 85 -0.262196
67 52 -0.825393
67 60 -2.46913
67 67 7.74903
67 68 -1.274
67 79 -1.17387
67 86 -2.06461
68 52 -2.59111
68 65 -0.346883
68 67 -1.274
68 68 8.05409
68 85 -1.82054
68 86 -0.118895
68 87 -1.96989
69 54 -1.12875
69 69 4.52528
69 70 -3.00444
69 89 -0.37875
70 54 -0.0148611
70 69 -3.00444
70 70 8.20237
70 72 -1.49348
70 89 -0.829333
70 90 -0.779075
70 91 -2.1361
71 55 -1.64742
71 58 -0.671221
71 71 7.56601
71 72 -1.75418
71 78 -0.958098
71 88 -2.06215
71 92 -0.486788
72 54 -0.66582
72 55 -1.6983
72 70 -1.49348
72 71 -1.75418
72 72 7.617
72 91 -1.65659
72 92 -0.452661
73 56 -0.412678
73 73 3.63191
73 74 -0.846154
73 76 -0.437778
73 94 -1.92308
74 56 -1.85729
74 57 -0.776068
74 73 -0.846154
74 74 7.23485
74 77 -0.770093
74 94 -1.02717
74 95 -2.01446
75 75 3.68527
75 76 -0.408106
75 93 -0.368333
75 96 -0.827062
75 98 -2.09549
76 73 -0.437778
76 75 -0.408106
76 76 3.30244
76 94 -0.750712
76 97 -0.916833
76 98 -0.806209
77 57 -2.026
77 66 -0.97596
77 74 -0.770093
77 77 7.19341
77 84 -0.776999
77 95 -0.995243
77 99 -1.71806
78 58 -2.48951
78 62 -0.289184
78 71 -0.958098
78 78 7.60313
78 82 -1.5848
78 88 -1.67877
78 100 -0.688962
79 59 -0.566884
79 60 -0.360963
79 61 -1.89858
79 67 -1.17387
79 79 7.67439
79 80 -0.951555
79 86 -0.179133
79 101 -2.62549
80 61 -1.5211
80 64 -1.34066
80 79 -0.951555
80 80 7.61527
80 83 -0.991633
80 101 -0.165476
80 102 -2.70101
81 63 -2.76923
81 64 -1.13414
81 81 7.83265
81 82 -1.58585
81 83 -1.60629
81 104 -0.76668
82 62 -2.62937
82 63 -0.144476
82 78 -1.5848
82 81 -1.58585
82 82 7.64005
82 100 -1.0562
82 104 -0.718646
83 64 -1.43333
83 80 -0.991633
83 81 -1.60629
83 83 7.53963
83 102 -0.0583334
83 103 -2.37618
83 104 -1.14203
84 66 -2.50057
84 77 -0.776999
84 84 7.85377
84 85 -1.12858
84 99 -1.41003
84 106 -2.09239
85 65 -0.539711
85 66 -0.262196
85 68 -1.82054
85 84 -1.12858
85 85 7.26146
85 87 -0.747618
85 106 -1.14857
85 107 -1.70588
86 67 -2.06461
86 68 -0.118895
86 79 -0.179133
86 86 7.94181
86 87 -1.24998
86 101 -2.19018
86 108 -2.20017
87 68 -1.96989
87 85 -0.747618
87 86 -1.24998
87 87 7.57001
87 107 -1.81773
87 108 -1.57769
87 109 -0.279317
88 71 -2.06215
88 78 -1.67877
88 88 7.96904
88 92 -1.32483
88 100 -0.50566
88 110 -2.46085
89 69 -0.37875
89 70 -0.829333
89 89 3.67293
89 90 -2.0308
89 111 -0.421905
90 70 -0.779075
90 89 -2.0308
90 90 7.42428
90 91 -0.848411
90 111 -0.749524
90 112 -2.24881
90 113 -0.809808
91 70 -2.1361
91 72 -1.65659
91 90 -0.848411
91 91 7.42495
91 92 -0.998927
91 112 -1.18345
91 114 -0.688041
92 71 -0.486788
92 72 -0.452661
92 88 -1.32483
92 91 -0.998927
92 92 7.1094
92 110 -1.04755
92 114 -1.84519
92 115 -1.08486
93 75 -0.368333
93 93 3.67487
93 96 -2.05357
93 116 -0.421905
93 119 -0.832961
94 73 -1.92308
94 74 -1.02717
94 76 -0.750712
94 94 8.07367
94 95 -1.45155
94 97 -2.88923
94 121 -0.0600142
95 74 -2.01446
95 77 -0.995243
95 94 -1.45155
95 95 7.31991
95 99 -1.11982
95 120 -1.24082
95 121 -0.588463
96 75 -0.827062
96 93 -2.05357
96 96 7.35108
96 98 -0.981818
96 119 -0.701012
96 122 -2.09922
96 123 -0.753711
97 76 -0.916833
97 94 -2.88923
97 97 8.51382
97 98 -2.33332
97 121 -2.2616
97 124 -0.179456
98 75 -2.09549
98 76 -0.806209
98 96 -0.981818
98 97 -2.33332
98 98 7.72636
98 122 -1.2309
98 124 -0.309243
99 77 -1.71806
99 84 -1.41003
99 95 -1.11982
99 99 7.19236
99 106 -0.884615
99 120 -1.39612
99 125 -0.708797
100 78 -0.688962
100 82 -1.0562
100 88 -0.50566
100 100 7.24154
100 104 -1.71307
100 105 -1.74418
100 110 -1.50682
100 126 -0.0837846
101 79 -2.62549
101 80 -0.165476
101 86 -2.19018
101 101 7.93127
101 102 -1.46266
101 108 -0.243845
101 127 -1.28017
102 80 -2.70101
102 83 -0.0583334
102 101 -1.46266
102 102 7.67306
102 103 -1.56022
102 127 -0.728042
102 128 -1.20993
103 83 -2.37618
103 102 -1.56022
103 103 7.74779
103 104 -1.72313
103 128 -0.728389
103 129 -1.42604
104 81 -0.76668
104 82 -0.718646
104 83 -1.14203
104 100 -1.71307
104 103 -1.72313
104 104 7.23637
104 105 -1.05543
104 129 -0.222874
105 100 -1.74418
105 104 -1.05543
105 105 7.77265
105 126 -2.14711
105 129 -0.685865
105 130 -0.178682
105 131 -2.02242
106 84 -2.09239
106 85 -1.14857
106 99 -0.884615
106 106 7.68068
106 107 -1.29011
106 125 -2.21527
106 132 -0.0956085
107 85 -1.70588
107 87 -1.81773
107 106 -1.29011
107 107 7.6944
107 109 -0.763751
107 132 -2.15516
108 86 -2.20017
108 87 -1.57769
108 101 -0.243845
108 108 7.50952
108 109 -1.27421
108 127 -1.38436
108 133 -0.889396
109 87 -0.279317
109 107 -0.763751
109 108 -1.27421
109 109 7.67666
109 132 -0.874984
109 133 -1.94219
109 134 -2.60246
110 88 -2.46085
110 92 -1.04755
110 100 -1.50682
110 110 7.69431
110 115 -1.72536
110 126 -1.01922
111 89 -0.421905
111 90 -0.749524
111 111 3.75252
111 113 -2.20204
111 135 -0.366667
112 90 -2.24881
112 91 -1.18345
112 112 8.01148
112 113 -0.935704
112 114 -0.0883504
112 136 -2.669
112 137 -0.94537
113 90 -0.809808
113 111 -2.20204
113 112 -0.935704
113 113 7.27429
113 135 -0.792255
113 137 -1.71428
113 138 -0.86015
114 91 -0.688041
114 92 -1.84519
114 112 -0.0883504
114 114 7.26069
114 115 -1.15006
114 136 -1.48953
114 140 -0.730214
114 141 -1.33442
115 92 -1.08486
115 110 -1.72536
115 114 -1.15006
115 115 7.35877
115 126 -0.22971
115 139 -2.01601
115 141 -1.22568
116 93 -0.421905
116 116 3.65331
116 117 -0.377949
116 119 -1.95604
116 144 -0.870748
117 116 -0.377949
117 117 3.67339
117 118 -0.452727
117 144 -2.07455
117 145 -0.784434
118 117 -0.452727
118 118 3.59876
118 143 -0.407273
118 145 -1.875
118 146 -0.879408
119 93 -0.832961
119 96 -0.701012
119 116 -1.95604
119 119 7.28784
119 123 -2.05047
119 144 -0.91406
119 147 -0.889462
120 95 -1.24082
120 99 -1.39612
120 120 7.009
120 121 -1.1231
120 125 -0.784136
120 148 -1.46644
120 149 -1.11772
121 94 -0.0600142
121 95 -0.588463
121 97 -2.2616
121 120 -1.1231
121 121 7.34168
121 124 -1.40997
121 149 -1.40223
121 150 -0.60288
122 96 -2.09922
122 98 -1.2309
122 122 7.71766
122 123 -1.17556
122 124 -2.28291
122 152 -0.982587
123 96 -0.753711
123 119 -2.05047
123 122 -1.17556
123 123 7.82098
123 147 -1.51956
123 152 -2.33497
124 97 -0.179456
124 98 -0.309243
124 121 -1.40997
124 122 -2.28291
124 124 7.56161
124 150 -1.30365
124 151 -1.69178
124 152 -0.479783
125 99 -0.708797
125 106 -2.21527
125 120 -0.784136
125 125 7.3116
125 132 -1.10148
125 148 -0.861546
125 153 -1.74938
126 100 -0.0837846
126 105 -2.14711
126 110 -1.01922
126 115 -0.22971
126 126 7.96121
126 130 -2.02511
126 139 -2.44587
126 155 -0.127042
127 101 -1.28017
127 102 -0.728042
127 108 -1.38436
127 127 6.97431
127 128 -1.42187
127 133 -1.20558
127 156 -1.02949
128 102 -1.20993
128 103 -0.728389
128 127 -1.42187
128 128 7.01841
128 129 -1.64076
128 156 -0.851503
128 157 -1.27631
129 103 -1.42604
129 104 -0.222874
129 105 -0.685865
129 128 -1.64076
129 129 7.50539
129 131 -2.29031
129 157 -0.32026
129 158 -0.988164
130 105 -0.178682
130 126 -2.02511
130 130 7.83406
130 131 -1.73872
130 155 -1.98861
130 159 -1.97127
131 105 -2.02242
131 129 -2.29031
131 130 -1.73872
131 131 7.76359
131 158 -1.37128
131 159 -0.423866
132 106 -0.0956085
132 107 -2.15516
132 109 -0.874984
132 125 -1.10148
132 132 7.29194
132 134 -0.714016
132 153 -0.665582
132 160 -1.79041
133 108 -0.889396
133 109 -1.94219
133 127 -1.20558
133 133 7.3675
133 134 -0.119932
133 156 -1.71054
133 161 -1.58226
134 109 -2.60246
134 132 -0.714016
134 133 -0.119932
134 134 8.11636
134 160 -0.59566
134 161 -1.37075
134 162 -2.78341
135 111 -0.366667
135 113 -0.792255
135 135 3.7074
135 138 -2.14963
135 163 -0.412689
136 112 -2.669
136 114 -1.48953
136 136 7.92076
136 137 -0.77719
136 140 -1.98914
136 164 -1.05699
137 112 -0.94537
137 113 -1.71428
137 136 -0.77719
137 137 7.16733
137 138 -0.839337
137 164 -1.92134
137 165 -1.01256
138 113 -0.86015
138 135 -2.14963
138 137 -0.839337
138 138 7.42885
138 163 -0.761319
138 165 -2.20709
138 166 -0.67946
139 115 -2.01601
139 126 -2.44587
139 139 7.69739
139 141 -0.93631
139 155 -1.47395
139 168 -0.874687
140 114 -0.730214
140 136 -1.98914
140 140 7.2772
140 141 -1.01691
140 164 -0.673443
140 167 -0.979052
140 169 -1.95103
141 114 -1.33442
141 115 -1.22568
141 139 -0.93631
141 140 -1.01691
141 141 7.00062
141 168 -1.48721
141 169 -1.0291
142 142 3.61643
142 143 -0.493333
142 174 -0.426667
142 175 -0.779762
142 176 -1.93357
143 118 -0.407273
143 142 -0.493333
143 143 3.62657
143 146 -1.92212
143 176 -0.808081
144 116 -0.870748
144 117 -2.07455
144 119 -0.91406
144 144 7.20297
144 145 -0.699301
144 147 -1.64598
144 177 -1.04101
145 117 -0.784434
145 118 -1.875
145 144 -0.699301
145 145 7.37314
145 146 -1.1375
145 177 -2.21441
145 178 -0.690896
146 118 -0.879408
146 143 -1.92212
146 145 -1.1375
146 146 7.26142
146 176 -0.595671
146 178 -1.87941
146 179 -0.902019
147 119 -0.889462
147 123 -1.51956
147 144 -1.64598
147 147 7.24059
147 152 -0.21585
147 177 -0.785411
147 181 -0.558349
147 182 -1.71021
148 120 -1.46644
148 125 -0.861546
148 148 6.97065
148 149 -1.15898
148 153 -1.08866
148 154 -1.24035
148 183 -1.21251
149 120 -1.11772
149 121 -1.40223
149 148 -1.15898
149 149 7.43323
149 150 -2.37426
149 183 -1.40543
149 184 -0.0686717
150 121 -0.60288
150 124 -1.30365
150 149 -2.37426
150 150 7.79365
150 151 -1.54393
150 184 -2.01078
151 124 -1.69178
151 150 -1.54393
151 151 7.53357
151 152 -1.25769
151 184 -0.877325
151 185 -2.2159
152 122 -0.982587
152 123 -2.33497
152 124 -0.479783
152 147 -0.21585
152 151 -1.25769
152 152 7.49239
152 181 -1.72244
152 185 -0.582826
153 125 -1.74938
153 132 -0.665582
153 148 -1.08866
153 153 7.59187
153 154 -1.64664
153 160 -2.3642
153 186 -0.152573
154 148 -1.24035
154 153 -1.64664
154 154 7.58771
154 183 -0.850757
154 186 -2.53493
154 187 -1.39998
155 126 -0.127042
155 130 -1.98861
155 139 -1.47395
155 155 7.35186
155 159 -0.00498215
155 168 -1.16603
155 188 -0.926858
155 189 -1.76947
156 127 -1.02949
156 128 -0.851503
156 133 -1.71054
156 156 7.94091
156 157 -2.81884
156 161 -1.50871
156 192 -0.108783
157 128 -1.27631
157 129 -0.32026
157 156 -2.81884
157 157 8.3109
157 158 -2.44562
157 192 -1.49594
158 129 -0.988164
158 131 -1.37128
158 157 -2.44562
158 158 7.36663
158 159 -1.13007
158 192 -0.827017
158 193 -0.680509
159 130 -1.97127
159 131 -0.423866
159 155 -0.00498215
159 158 -1.13007
159 159 7.277
159 189 -1.14545
159 190 -0.934833
159 193 -1.72919
160 132 -1.79041
160 134 -0.59566
160 153 -2.3642
160 160 7.42071
160 162 -0.945517
160 186 -0.646712
160 194 -1.18249
161 133 -1.58226
161 134 -1.37075
161 156 -1.50871
161 161 7.70945
161 162 -0.478477
161 191 -2.42543
161 192 -0.0539875
161 196 -0.368345
162 134 -2.78341
162 160 -0.945517
162 161 -0.478477
162 162 7.90236
162 194 -0.411351
162 195 -1.98633
162 196 -1.33412
163 135 -0.412689
163 138 -0.761319
163 163 3.74293
163 166 -2.21964
163 197 -0.363519
164 136 -1.05699
164 137 -1.92134
164 140 -0.673443
164 164 7.34883
164 165 -0.659667
164 167 -2.2181
164 199 -0.909393
165 137 -1.01256
165 138 -2.20709
165 164 -0.659667
165 165 7.25419
165 166 -0.81107
165 198 -1.02948
165 199 -1.60849
166 138 -0.67946
166 163 -2.21964
166 165 -0.81107
166 166 8.04247
166 197 -1.47314
166 198 -2.74469
166 201 -0.147485
167 140 -0.979052
167 164 -2.2181
167 167 7.32516
167 169 -0.916245
167 199 -0.454359
167 200 -1.06301
167 202 -1.76504
168 139 -0.874687
168 141 -1.48721
168 155 -1.16603
168 168 7.13619
168 169 -1.1755
168 188 -1.87314
168 203 -0.64431
169 140 -1.95103
169 141 -1.0291
169 167 -0.916245
169 168 -1.1755
169 169 7.1291
169 202 -0.997589
169 203 -1.12053
170 170 2
170 171 -1
170 204 -0.993333
171 170 -1
171 171 4.2
171 172 -0.326667
171 180 -2.67111
171 204 -0.228889
172 171 -0.326667
172 172 3.59861
172 173 -0.493333
172 180 -0.941944
172 205 -1.83833
173 172 -0.493333
173 173 3.69
173 174 -1.16889
173 205 -1.24444
173 206 -0.808333
174 142 -0.426667
174 173 -1.16889
174 174 4.32513
174 175 -2.70942
174 206 -0.0515873
175 142 -0.779762
175 174 -2.70942
175 175 7.91322
175 176 -1.07643
175 206 -1.32132
175 207 -2.07272
176 142 -1.93357
176 143 -0.808081
176 146 -0.595671
176 175 -1.07643
176 176 7.29939
176 179 -1.99391
176 207 -0.937634
177 144 -1.04101
177 145 -2.21441
177 147 -0.785411
177 177 7.26099
177 178 -0.564289
177 182 -1.57636
177 208 -1.14011
178 145 -0.690896
178 146 -1.87941
178 177 -0.564289
178 178 7.5187
178 179 -1.47222
178 208 -2.35911
178 209 -0.60893
179 146 -0.902019
179 176 -1.99391
179 178 -1.47222
179 179 7.48011
179 207 -0.272916
179 209 -2.07871
179 210 -0.830979
180 171 -2.67111
180 172 -0.941944
180 180 7.83639
180 205 -1.16667
180 211 -1.58333
180 212 -1.5
181 147 -0.558349
181 152 -1.72244
181 181 7.25255
181 182 -0.998069
181 185 -1.30031
181 213 -1.31683
181 215 -1.45068
182 147 -1.71021
182 177 -1.57636
182 181 -0.998069
182 182 7.21743
182 208 -0.771179
182 214 -1.71166
182 215 -0.576121
183 148 -1.21251
183 149 -1.40543
183 154 -0.850757
183 183 6.96309
183 184 -1.37713
183 187 -1.27058
183 216 -0.902369
184 149 -0.0686717
184 150 -2.01078
184 151 -0.877325
184 183 -1.37713
184 184 7.20233
184 185 -0.591283
184 216 -1.17498
184 217 -1.18242
185 151 -2.2159
185 152 -0.582826
185 181 -1.30031
185 184 -0.591283
185 185 7.46224
185 213 -1.9115
185 217 -0.942576
186 153 -0.152573
186 154 -2.53493
186 160 -0.646712
186 186 8.09474
186 187 -0.539487
186 194 -2.60289
186 218 -1.68989
187 154 -1.39998
187 183 -1.27058
187 186 -0.539487
187 187 7.04254
187 216 -1.58425
187 218 -1.30125
187 219 -1.01786
188 155 -0.926858
188 168 -1.87314
188 188 7.64226
188 189 -1.11986
188 203 -0.119869
188 220 -2.48178
188 221 -1.19468
189 155 -1.76947
189 159 -1.14545
189 188 -1.11986
189 189 7.51452
189 190 -2.39227
189 221 -0.981677
189 222 -0.182164
190 159 -0.934833
190 189 -2.39227
190 190 8.09407
190 193 -0.426885
190 222 -2.12515
190 223 -2.27728
191 161 -2.42543
191 191 8.14089
191 192 -1.99681
191 196 -1.76293
191 224 -1.98973
192 156 -0.108783
192 157 -1.49594
192 158 -0.827017
192 161 -0.0539875
192 191 -1.99681
192 192 7.73549
192 193 -2.39044
192 224 -0.729897
192 225 -0.196647
193 158 -0.680509
193 159 -1.72919
193 190 -0.426885
193 192 -2.39044
193 193 7.55097
193 223 -0.692119
193 225 -1.68939
194 160 -1.18249
194 162 -0.411351
194 186 -2.60289
194 194 8.02891
194 195 -1.92967
194 218 -0.00438906
194 226 -1.99978
195 162 -1.98633
195 194 -1.92967
195 195 7.5353
195 196 -1.34316
195 226 -1.17946
195 227 -1.14367
196 161 -0.368345
196 162 -1.33412
196 191 -1.76293
196 195 -1.34316
196 196 7.09902
196 224 -0.520727
196 227 -0.601384
196 228 -1.3224
197 163 -0.363519
197 166 -1.47314
197 197 3.67464
197 201 -1.45328
197 229 -0.405098
198 165 -1.02948
198 166 -2.74469
198 198 7.87727
198 199 -1.11445
198 201 -0.0354575
198 231 -2.03579
198 232 -0.943553
199 164 -0.909393
199 165 -1.60849
199 167 -0.454359
199 198 -1.11445
199 199 7.328
199 200 -2.19618
199 232 -1.09119
200 167 -1.06301
200 199 -2.19618
200 200 7.53299
200 202 -1.10224
200 232 -1.31947
200 233 -1.89559
201 166 -0.147485
201 197 -1.45328
201 198 -0.0354575
201 201 7.90834
201 229 -2.01905
201 230 -0.763979
201 231 -2.77579
201 234 -0.809038
202 167 -1.76504
202 169 -0.997589
202 200 -1.10224
202 202 7.04093
202 203 -1.4673
202 233 -0.955653
202 235 -0.834288
203 168 -0.64431
203 169 -1.12053
203 188 -0.119869
203 202 -1.4673
203 203 7.12717
203 220 -1.72203
203 235 -1.41272
203 236 -0.743416
204 170 -0.993333
204 171 -0.228889
204 204 4.20444
204 211 -2.67111
204 237 -0.331111
205 172 -1.83833
205 173 -1.24444
205 180 -1.16667
205 205 7.15827
205 206 -1.11724
205 212 -1.07907
205 239 -0.766676
206 173 -0.808333
206 174 -0.0515873
206 175 -1.32132
206 205 -1.11724
206 206 7.12124
206 207 -0.807058
206 238 -1.85209
206 239 -0.947151
206 240 -0.305747
207 175 -2.07272
207 176 -0.937634
207 179 -0.272916
207 206 -0.807058
207 207 7.65946
207 210 -2.41124
207 240 -1.24211
208 177 -1.14011
208 178 -2.35911
208 182 -0.771179
208 208 7.35142
208 209 -0.41958
208 214 -1.46089
208 241 -1.24555
209 178 -0.60893
209 179 -2.07871
209 208 -0.41958
209 209 7.53213
209 210 -0.958535
209 241 -2.23748
209 242 -1.26785
210 179 -0.830979
210 207 -2.41124
210 209 -0.958535
210 210 7.39192
210 240 -0.895573
210 242 -1.6356
210 243 -0.723441
211 180 -1.58333
211 204 -2.67111
211 211 7.8175
211 212 -1.50944
211 237 -0.9375
211 244 -1.17111
212 180 -1.5
212 205 -1.07907
212 211 -1.50944
212 212 7.05832
212 239 -1.26391
212 244 -0.935185
212 245 -0.836538
213 181 -1.31683
213 185 -1.9115
213 213 7.59115
213 215 -1.11558
213 217 -1.25052
213 248 -2.05407
214 182 -1.71166
214 208 -1.46089
214 214 7.09505
214 215 -0.981644
214 241 -0.758445
214 246 -1.43747
214 249 -0.84173
215 181 -1.45068
215 182 -0.576121
215 213 -1.11558
215 214 -0.981644
215 215 7.27588
215 248 -1.89219
215 249 -1.3549
216 183 -0.902369
216 184 -1.17498
216 187 -1.58425
216 216 7.09289
216 217 -1.81443
216 219 -0.93851
216 250 -0.780841
217 184 -1.18242
217 185 -0.942576
217 213 -1.25052
217 216 -1.81443
217 217 7.06802
217 247 -1.0675
217 248 -0.115393
217 250 -0.78025
218 186 -1.68989
218 187 -1.30125
218 194 -0.00438906
218 218 7.16925
218 219 -1.26506
218 226 -0.665221
218 251 -1.60822
218 253 -0.674286
219 187 -1.01786
219 216 -0.93851
219 218 -1.26506
219 219 7.19511
219 250 -1.56313
219 252 -0.513812
219 253 -1.98548
220 188 -2.48178
220 203 -1.72203
220 220 7.80503
220 221 -0.792323
220 236 -1.93373
220 255 -0.929703
221 188 -1.19468
221 189 -0.981677
221 220 -0.792323
221 221 7.19404
221 222 -1.57954
221 254 -0.756906
221 255 -1.90255
222 189 -0.182164
222 190 -2.12515
222 221 -1.57954
222 222 7.60405
222 223 -0.576312
222 254 -2.02853
222 256 -1.16691
223 190 -2.27728
223 193 -0.692119
223 222 -0.576312
223 223 7.4088
223 225 -1.39875
223 256 -1.44709
223 257 -1.08167
224 191 -1.98973
224 192 -0.729897
224 196 -0.520727
224 224 7.46334
224 225 -2.13076
224 228 -1.48146
224 258 -0.688766
225 192 -0.196647
225 193 -1.68939
225 223 -1.39875
225 224 -2.13076
225 225 7.38548
225 257 -0.825325
225 258 -1.2146
226 194 -1.99978
226 195 -1.17946
226 218 -0.665221
226 226 7.28885
226 227 -0.775817
226 251 -1.57211
226 259 -1.17804
227 195 -1.14367
227 196 -0.601384
227 226 -0.775817
227 227 7.463
227 228 -1.02592
227 259 -1.38667
227 260 -2.63932
228 196 -1.3224
228 224 -1.48146
228 227 -1.02592
228 228 7.06952
228 258 -0.776907
228 260 -1.02542
228 261 -1.49022
229 197 -0.405098
229 201 -2.01905
229 229 3.67078
229 230 -0.862185
229 262 -0.371111
230 201 -0.763979
230 229 -0.862185
230 230 7.3227
230 234 -1.76519
230 262 -2.26799
230 263 -0.693922
230 264 -1.02724
231 198 -2.03579
231 201 -2.77579
231 231 7.95372
231 232 -0.799182
231 234 -0.934425
231 265 -1.47731
232 198 -0.943553
232 199 -1.09119
232 200 -1.31947
232 231 -0.799182
232 232 6.77047
232 233 -0.604633
232 265 -0.567098
232 266 -0.992694
232 268 -0.541739
233 200 -1.89559
233 202 -0.955653
233 232 -0.604633
233 233 7.19094
233 235 -1.42388
233 267 -0.878514
233 268 -1.52676
234 201 -0.809038
234 230 -1.76519
234 231 -0.934425
234 234 7.15033
234 264 -0.940664
234 265 -1.81141
234 269 -0.917975
235 202 -0.834288
235 203 -1.41272
235 233 -1.42388
235 235 7.17503
235 236 -1.73134
235 267 -1.31776
235 270 -0.53532
236 203 -0.743416
236 220 -1.93373
236 235 -1.73134
236 236 7.30725
236 255 -1.13764
236 270 -0.519443
236 271 -1.33893
237 204 -0.331111
237 211 -0.9375
237 237 3.60861
237 244 -1.83333
237 272 -0.493333
238 206 -1.85209
238 238 8.06774
238 239 -2.04076
238 240 -2.42572
238 274 -1.77528
239 205 -0.766676
239 206 -0.947151
239 212 -1.26391
239 238 -2.04076
239 239 7.14811
239 245 -1.17926
239 273 -0.541927
239 274 -0.476763
240 206 -0.305747
240 207 -1.24211
240 210 -0.895573
240 238 -2.42572
240 240 7.84852
240 243 -2.37059
240 274 -0.337083
240 275 -0.314478
241 208 -1.24555
241 209 -2.23748
241 214 -0.758445
241 241 7.28771
241 242 -0.540357
241 246 -1.36195
241 276 -1.18728
242 209 -1.26785
242 210 -1.6356
242 241 -0.540357
242 242 7.77837
242 243 -2.01699
242 276 -2.37734
242 277 -0.000152655
243 210 -0.723441
243 240 -2.37059
243 242 -2.01699
243 243 8.20825
243 275 -0.580922
243 277 -2.56886
244 211 -1.17111
244 212 -0.935185
244 237 -1.83333
244 244 7.10874
244 245 -1.5473
244 272 -0.745741
244 279 -0.959955
245 212 -0.836538
245 239 -1.17926
245 244 -1.5473
245 245 7.3067
245 273 -2.18964
245 279 -0.415431
245 280 -1.24383
246 214 -1.43747
246 241 -1.36195
246 246 7.21556
246 249 -2.04616
246 276 -0.735797
246 278 -0.885348
246 282 -0.825037
247 217 -1.0675
247 247 8.06835
247 248 -2.82376
247 250 -0.771822
247 281 -2.40013
247 283 -1.07518
248 213 -2.05407
248 215 -1.89219
248 217 -0.115393
248 247 -2.82376
248 248 8.23965
248 249 -0.851103
248 283 -0.599426
249 214 -0.84173
249 215 -1.3549
249 246 -2.04616
249 248 -0.851103
249 249 7.86083
249 282 -0.138978
249 283 -0.0208191
249 284 -2.67111
250 216 -0.780841
250 217 -0.78025
250 219 -1.56313
250 247 -0.771822
250 250 6.96012
250 252 -1.30012
250 281 -1.30203
250 285 -0.534534
251 218 -1.60822
251 226 -1.57211
251 251 7.18364
251 253 -1.42823
251 259 -0.858821
251 287 -1.5432
251 288 -0.276429
252 219 -0.513812
252 250 -1.30012
252 252 7.56765
252 253 -2.00229
252 285 -1.49145
252 286 -2.00283
252 288 -0.29932
253 218 -0.674286
253 219 -1.98548
253 251 -1.42823
253 252 -2.00229
253 253 7.53528
253 288 -1.53093
254 221 -0.756906
254 222 -2.02853
254 254 7.1979
254 255 -1.13582
254 256 -0.695448
254 289 -1.53724
254 290 -1.11997
255 220 -0.929703
255 221 -1.90255
255 236 -1.13764
255 254 -1.13582
255 255 7.08331
255 271 -1.0997
255 290 -0.929704
256 222 -1.16691
256 223 -1.44709
256 254 -0.695448
256 256 7.04818
256 257 -1.62436
256 289 -1.07736
256 291 -1.09458
257 223 -1.08167
257 225 -0.825325
257 256 -1.62436
257 257 7.62906
257 258 -2.41089
257 291 -1.58634
257 292 -0.157282
258 224 -0.688766
258 225 -1.2146
258 228 -0.776907
258 257 -2.41089
258 258 7.60798
258 261 -2.00784
258 292 -0.559765
259 226 -1.17804
259 227 -1.38667
259 251 -0.858821
259 259 7.27374
259 260 -0.358759
259 287 -1.40772
259 294 -2.14046
260 227 -2.63932
260 228 -1.02542
260 259 -0.358759
260 260 7.81612
260 261 -0.449547
260 294 -1.14348
260 295 -2.25106
261 228 -1.49022
261 258 -2.00784
261 260 -0.449547
261 261 7.44097
261 292 -1.41903
261 293 -0.335046
261 295 -1.80641
262 229 -0.371111
262 230 -2.26799
262 262 3.76803
262 263 -0.714167
262 296 -0.429231
263 230 -0.693922
263 262 -0.714167
263 263 7.40168
263 264 -2.08173
263 296 -2.11111
263 297 -1.06481
263 298 -0.794039
264 230 -1.02724
264 234 -0.940664
264 263 -2.08173
264 264 7.32347
264 269 -1.82088
264 298 -0.387234
264 299 -1.1077
265 231 -1.47731
265 232 -0.567098
265 234 -1.81141
265 265 7.686
265 266 -2.58775
265 269 -0.725689
265 300 -0.545903
266 232 -0.992694
266 265 -2.58775
266 266 7.7271
266 268 -1.99758
266 300 -1.01887
266 301 -1.19346
267 233 -0.878514
267 235 -1.31776
267 267 7.59317
267 268 -1.19307
267 270 -2.06552
267 302 -2.18375
268 232 -0.541739
268 233 -1.52676
268 266 -1.99758
268 267 -1.19307
268 268 7.24076
268 301 -0.951088
268 302 -1.10145
269 234 -0.917975
269 264 -1.82088
269 265 -0.725689
269 269 7.26581
269 299 -1.01206
269 300 -2.12599
269 303 -0.735634
270 235 -0.53532
270 236 -0.519443
270 267 -2.06552
270 270 7.6337
270 271 -0.677521
270 302 -0.387033
270 304 -0.110478
270 305 -1.19083
270 306 -2.23663
271 236 -1.33893
271 255 -1.0997
271 270 -0.677521
271 271 7.55974
271 290 -1.47477
271 305 -2.50984
271 307 -0.528958
272 237 -0.493333
272 244 -0.745741
272 272 3.73519
272 279 -2.17111
272 308 -0.326667
273 239 -0.541927
273 245 -2.18964
273 273 7.81095
273 274 -2.10455
273 280 -1.36527
273 309 -1.65374
274 238 -1.77528
274 239 -0.476763
274 240 -0.337083
274 273 -2.10455
274 274 7.88598
274 275 -2.55354
274 309 -0.710859
275 240 -0.314478
275 243 -0.580922
275 274 -2.55354
275 275 7.79848
275 277 -1.89011
275 309 -1.56748
275 310 -0.961398
276 241 -1.18728
276 242 -2.37734
276 246 -0.735797
276 276 7.73601
276 277 -1.01169
276 278 -2.33492
276 311 -0.171753
277 242 -0.000152655
277 243 -2.56886
277 275 -1.89011
277 276 -1.01169
277 277 7.7092
277 310 -0.821234
277 311 -1.49124
278 246 -0.885348
278 276 -2.33492
278 278 8.3245
278 282 -2.89549
278 311 -2.02841
278 312 -0.231631
279 244 -0.959955
279 245 -0.415431
279 272 -2.17111
279 279 7.43834
279 280 -2.03242
279 308 -0.959184
279 314 -0.956825
280 245 -1.24383
280 273 -1.36527
280 279 -2.03242
280 280 7.43332
280 309 -0.433476
280 313 -1.68097
280 314 -0.734921
281 247 -2.40013
281 250 -1.30203
281 281 7.91746
281 283 -0.708756
281 285 -2.60452
281 316 -0.991155
282 246 -0.825037
282 249 -0.138978
282 278 -2.89549
282 282 7.90168
282 284 -1.14361
282 312 -1.1667
282 317 -1.77983
283 247 -1.07518
283 248 -0.599426
283 249 -0.0208191
283 281 -0.708756
283 283 7.48643
283 284 -2.17983
283 316 -1.82555
283 318 -1.16814
284 249 -2.67111
284 282 -1.14361
284 283 -2.17983
284 284 7.94969
284 317 -0.80529
284 318 -1.24093
285 250 -0.534534
285 252 -1.49145
285 281 -2.60452
285 285 7.86464
285 286 -1.12454
285 316 -0.259999
285 319 -1.92198
286 252 -2.00283
286 285 -1.12454
286 286 7.51823
286 288 -1.25401
286 319 -1.76647
286 321 -1.40659
287 251 -1.5432
287 259 -1.40772
287 287 7.14516
287 288 -1.54126
287 294 -0.359742
287 322 -1.5095
287 323 -0.879057
288 251 -0.276429
288 252 -0.29932
288 253 -1.53093
288 286 -1.25401
288 287 -1.54126
288 288 7.04416
288 321 -0.951681
288 323 -1.26352
289 254 -1.53724
289 256 -1.07736
289 289 7.08908
289 290 -0.553932
289 291 -0.969514
289 324 -1.64209
289 325 -1.37887
290 254 -1.11997
290 255 -0.929704
290 271 -1.47477
290 289 -0.553932
290 290 7.37676
290 307 -0.879766
290 325 -2.47587
291 256 -1.09458
291 257 -1.58634
291 289 -0.969514
291 291 7.36444
291 292 -2.07935
291 324 -1.4089
291 326 -0.31188
292 257 -0.157282
292 258 -0.559765
292 261 -1.41903
292 291 -2.07935
292 292 7.19353
292 293 -1.58286
292 326 -0.851065
292 327 -0.671014
293 261 -0.335046
293 292 -1.58286
293 293 7.31909
293 295 -2.14036
293 327 -0.981892
293 328 -1.2604
293 329 -1.09213
294 259 -2.14046
294 260 -1.14348
294 287 -0.359742
294 294 7.40133
294 295 -0.53209
294 322 -1.60285
294 329 -1.7154
295 260 -2.25106
295 261 -1.80641
295 293 -2.14036
295 294 -0.53209
295 295 7.78232
295 329 -1.0959
296 262 -0.429231
296 263 -2.11111
296 296 3.70498
296 297 -0.782038
296 331 -0.382564
297 263 -1.06481
297 296 -0.782038
297 297 7.9475
297 298 -2.78791
297 331 -2.06993
297 332 -1.26837
298 263 -0.794039
298 264 -0.387234
298 297 -2.78791
298 298 8.06429
298 299 -2.15929
298 332 -0.278102
298 333 -1.73378
299 264 -1.1077
299 269 -1.01206
299 298 -2.15929
299 299 7.38517
299 303 -1.74265
299 333 -0.220643
299 334 -1.21723
300 265 -0.545903
300 266 -1.01887
300 269 -2.12599
300 300 7.2617
300 301 -1.66896
300 303 -0.939818
300 335 -1.00293
301 266 -1.19346
301 268 -0.951088
301 300 -1.66896
301 301 7.02068
301 302 -0.812921
301 335 -1.00133
301 336 -1.48867
302 267 -2.18375
302 268 -1.10145
302 270 -0.387033
302 301 -0.812921
302 302 7.3903
302 304 -1.52128
302 336 -1.41871
303 269 -0.735634
303 299 -1.74265
303 300 -0.939818
303 303 7.17134
303 334 -1.08088
303 335 -1.85949
303 338 -0.826987
304 270 -0.110478
304 302 -1.52128
304 304 7.67752
304 306 -2.39806
304 336 -0.711447
304 337 -1.938
304 339 -1.0337
305 270 -1.19083
305 271 -2.50984
305 305 8.15372
305 306 -2.20148
305 307 -1.87552
305 340 -0.418775
306 270 -2.23663
306 304 -2.39806
306 305 -2.20148
306 306 8.24662
306 339 -0.957678
306 340 -0.499118
307 271 -0.528958
307 290 -0.879766
307 305 -1.87552
307 307 7.46018
307 325 -0.713471
307 340 -1.27378
307 341 -2.25231
308 272 -0.326667
308 279 -0.959184
308 308 3.62966
308 314 -1.90952
308 343 -0.421905
309 273 -1.65374
309 274 -0.710859
309 275 -1.56748
309 280 -0.433476
309 309 7.08493
309 310 -0.775536
309 313 -0.430442
309 315 -1.34795
309 344 -0.303764
310 275 -0.961398
310 277 -0.821234
310 309 -0.775536
310 310 7.28578
310 311 -0.999365
310 344 -1.75962
310 345 -2.02289
311 276 -0.171753
311 277 -1.49124
311 278 -2.02841
311 310 -0.999365
311 311 7.31322
311 312 -1.35214
311 345 -1.39057
312 278 -0.231631
312 282 -1.1667
312 311 -1.35214
312 312 7.12944
312 317 -1.37971
312 345 -0.302928
312 346 -1.375
312 347 -1.36296
313 280 -1.68097
313 309 -0.430442
313 313 8.289
313 314 -1.78571
313 315 -3.23481
313 348 -1.21126
314 279 -0.956825
314 280 -0.734921
314 308 -1.90952
314 313 -1.78571
314 314 7.1677
314 343 -0.775
314 348 -1.07619
315 309 -1.34795
315 313 -3.23481
315 315 8.43401
315 344 -1.82528
315 348 -0.0689845
315 349 -2.01362
316 281 -0.991155
316 283 -1.82555
316 285 -0.259999
316 316 7.17007
316 318 -0.700838
316 319 -0.517082
316 320 -1.29904
316 350 -1.6456
317 282 -1.77983
317 284 -0.80529
317 312 -1.37971
317 317 7.06297
317 318 -1.1147
317 346 -0.862171
317 351 -1.1841
318 283 -1.16814
318 284 -1.24093
318 316 -0.700838
318 317 -1.1147
318 318 7.01404
318 350 -1.65976
318 351 -1.20407
319 285 -1.92198
319 286 -1.76647
319 316 -0.517082
319 319 7.71834
319 320 -1.63986
319 321 -0.305416
319 353 -1.65848
320 316 -1.29904
320 319 -1.63986
320 320 7.50805
320 350 -1.06781
320 353 -1.7519
320 354 -1.78383
321 286 -1.40659
321 288 -0.951681
321 319 -0.305416
321 321 6.90506
321 323 -1.35971
321 353 -0.703431
321 355 -1.08243
321 356 -1.14898
322 287 -1.5095
322 294 -1.60285
322 322 7.26163
322 323 -1.52055
322 329 -0.304394
322 330 -1.79614
322 357 -0.652074
323 287 -0.879057
323 288 -1.26352
323 321 -1.35971
323 322 -1.52055
323 323 6.9577
323 356 -0.982089
323 357 -1.02593
324 289 -1.64209
324 291 -1.4089
324 324 7.70199
324 325 -0.68457
324 326 -2.08067
324 358 -1.95826
325 289 -1.37887
325 290 -2.47587
325 307 -0.713471
325 324 -0.68457
325 325 7.54396
325 341 -1.62916
325 342 -0.12695
325 358 -0.5971
326 291 -0.31188
326 292 -0.851065
326 324 -2.08067
326 326 7.57494
326 327 -1.86542
326 358 -1.47078
326 359 -1.07635
327 292 -0.671014
327 293 -0.981892
327 326 -1.86542
327 327 7.07532
327 328 -1.03564
327 359 -1.33521
327 360 -1.31054
328 293 -1.2604
328 327 -1.03564
328 328 7.4537
328 329 -1.65694
328 360 -1.67576
328 361 -1.91576
329 293 -1.09213
329 294 -1.7154
329 295 -1.0959
329 322 -0.304394
329 328 -1.65694
329 329 7.19213
329 330 -1.3405
329 361 -0.0887494
330 322 -1.79614
330 329 -1.3405
330 330 7.4092
330 357 -1.6232
330 361 -1.25202
330 362 -1.45945
331 296 -0.382564
331 297 -2.06993
331 331 3.68308
331 332 -0.784434
331 364 -0.447879
332 297 -1.26837
332 298 -0.278102
332 331 -0.784434
332 332 7.17299
332 333 -0.651049
332 364 -1.95497
332 365 -0.968485
332 366 -1.39196
333 298 -1.73378
333 299 -0.220643
333 332 -0.651049
333 333 7.50055
333 334 -2.16746
333 366 -1.01259
333 367 -1.79362
334 299 -1.21723
334 303 -1.08088
334 333 -2.16746
334 334 7.48779
334 338 -1.6737
334 367 -0.0629754
334 368 -1.33101
335 300 -1.00293
335 301 -1.00133
335 303 -1.85949
335 335 7.07122
335 336 -1.10119
335 338 -1.00668
335 369 -1.20293
336 301 -1.48867
336 302 -1.41871
336 304 -0.711447
336 335 -1.10119
336 336 7.15728
336 337 -1.71748
336 369 -0.630059
336 371 -0.147294
337 304 -1.938
337 336 -1.71748
337 337 7.79522
337 339 -0.906822
337 370 -0.815205
337 371 -2.45862
338 303 -0.826987
338 334 -1.6737
338 335 -1.00668
338 338 7.02457
338 368 -1.15441
338 369 -1.43422
338 372 -0.985131
339 304 -1.0337
339 306 -0.957678
339 337 -0.906822
339 339 7.14442
339 340 -1.26179
339 370 -1.90527
339 373 -1.16506
340 305 -0.418775
340 306 -0.499118
340 307 -1.27378
340 339 -1.26179
340 340 7.06805
340 341 -0.581224
340 373 -1.21935
340 374 -1.93164
341 307 -2.25231
341 325 -1.62916
341 340 -0.581224
341 341 8.12427
341 342 -2.80152
341 374 -0.922618
342 325 -0.12695
342 341 -2.80152
342 342 7.9128
342 358 -1.1633
342 363 -1.90691
342 374 -0.882907
342 375 -1.11392
343 308 -0.421905
343 314 -0.775
343 343 3.64548
343 348 -1.92857
343 376 -0.493333
344 309 -0.303764
344 310 -1.75962
344 315 -1.82528
344 344 7.35836
344 345 -0.874227
344 349 -0.446764
344 377 -1.73895
344 378 -0.519194
345 310 -2.02289
345 311 -1.39057
345 312 -0.302928
345 344 -0.874227
345 345 7.34409
345 347 -1.69236
345 378 -1.11968
346 312 -1.375
346 317 -0.862171
346 346 7.0012
346 347 -1.45324
346 351 -1.47347
346 352 -0.923752
346 380 -0.980124
347 312 -1.36296
347 345 -1.69236
347 346 -1.45324
347 347 7.25233
347 378 -0.294046
347 379 -1.23308
347 380 -1.30147
348 313 -1.21126
348 314 -1.07619
348 315 -0.0689845
348 343 -1.92857
348 348 7.18151
348 349 -1.00783
348 376 -1.34439
348 381 -0.678388
349 315 -2.01362
349 344 -0.446764
349 348 -1.00783
349 349 7.37202
349 377 -1.53425
349 381 -1.78876
349 382 -0.639014
350 316 -1.6456
350 318 -1.65976
350 320 -1.06781
350 350 7.22806
350 351 -1.453
350 354 -0.512545
350 384 -0.929352
351 317 -1.1841
351 318 -1.20407
351 346 -1.47347
351 350 -1.453
351 351 7.05211
351 352 -1.0145
351 384 -0.773731
352 346 -0.923752
352 351 -1.0145
352 352 7.00511
352 380 -1.29412
352 383 -1.5452
352 384 -1.33474
352 385 -0.964706
353 319 -1.65848
353 320 -1.7519
353 321 -0.703431
353 353 7.65812
353 354 -0.0593807
353 355 -2.29861
353 386 -1.28162
354 320 -1.78383
354 350 -0.512545
354 353 -0.0593807
354 354 7.8268
354 384 -2.02025
354 386 -1.50418
354 387 -2.05618
355 321 -1.08243
355 353 -2.29861
355 355 7.65049
355 356 -1.56425
355 386 -0.741559
355 388 -2.01601
356 321 -1.14898
356 323 -0.982089
356 355 -1.56425
356 356 7.37564
356 357 -1.36552
356 388 -0.199784
356 389 -2.1639
357 322 -0.652074
357 323 -1.02593
357 330 -1.6232
357 356 -1.36552
357 357 7.0046
357 362 -0.251647
357 389 -1.16201
357 390 -0.984103
358 324 -1.95826
358 325 -0.5971
358 326 -1.47078
358 342 -1.1633
358 358 7.65172
358 359 -0.260255
358 363 -1.9696
358 393 -0.348612
359 326 -1.07635
359 327 -1.33521
359 358 -0.260255
359 359 7.46467
359 360 -0.806838
359 393 -2.18255
359 394 -1.88452
360 327 -1.31054
360 328 -1.67576
360 359 -0.806838
360 360 7.05924
360 361 -0.608342
360 394 -1.29221
360 395 -1.43699
361 328 -1.91576
361 329 -0.0887494
361 330 -1.25202
361 360 -0.608342
361 361 7.2987
361 362 -1.65742
361 395 -1.13538
361 396 -0.693633
362 330 -1.45945
362 357 -0.251647
362 361 -1.65742
362 362 7.50249
362 390 -1.98608
362 392 -0.478517
362 396 -1.72974
363 342 -1.90691
363 358 -1.9696
363 363 8.13091
363 375 -0.0883304
363 393 -2.45693
363 397 -1.75155
364 331 -0.447879
364 332 -1.95497
364 364 3.62086
364 365 -0.835891
364 398 -0.398
365 332 -0.968485
365 364 -0.835891
365 365 7.26642
365 366 -1.83636
365 398 -2.105
365 399 -0.704667
365 402 -0.873557
366 332 -1.39196
366 333 -1.01259
366 365 -1.83636
366 366 7.23037
366 367 -0.668877
366 401 -1.30874
366 402 -1.07758
367 333 -1.79362
367 334 -0.0629754
367 366 -0.668877
367 367 7.53622
367 368 -1.82164
367 400 -1.95747
367 401 -0.277873
367 403 -1.04546
368 334 -1.33101
368 338 -1.15441
368 367 -1.82164
368 368 7.24109
368 372 -1.60017
368 403 -0.373477
368 404 -1.02273
369 335 -1.20293
369 336 -0.630059
369 338 -1.43422
369 369 7.14589
369 371 -1.67804
369 372 -0.881929
369 405 -1.37875
370 337 -0.815205
370 339 -1.90527
370 370 7.14623
370 371 -0.860682
370 373 -0.718681
370 406 -1.37875
370 407 -1.52029
371 336 -0.147294
371 337 -2.45862
371 369 -1.67804
371 370 -0.860682
371 371 7.59977
371 405 -1.16313
371 407 -1.38854
372 338 -0.985131
372 368 -1.60017
372 369 -0.881929
372 372 6.98478
372 404 -1.23265
372 405 -1.25362
372 408 -1.12808
373 339 -1.16506
373 340 -1.21935
373 370 -0.718681
373 373 7.39329
373 374 -0.386701
373 406 -2.00737
373 409 -1.97061
374 340 -1.93164
374 341 -0.922618
374 342 -0.882907
374 373 -0.386701
374 374 7.3444
374 375 -2.02151
374 409 -1.25387
375 342 -1.11392
375 363 -0.0883304
375 374 -2.02151
375 375 7.9718
375 397 -1.90596
375 409 -0.263616
375 410 -2.65668
376 343 -0.493333
376 348 -1.34439
376 376 3.68582
376 381 -0.782143
376 411 -1.07974
377 344 -1.73895
377 349 -1.53425
377 377 7.39852
377 378 -1.94092
377 382 -1.06983
377 413 -1.16484
378 344 -0.519194
378 345 -1.11968
378 347 -0.294046
378 377 -1.94092
378 378 7.70906
378 379 -2.75458
378 413 -0.9182
378 414 -0.267857
379 347 -1.23308
379 378 -2.75458
379 379 7.71914
379 380 -1.52206
379 414 -1.02273
379 415 -1.22794
380 346 -0.980124
380 347 -1.30147
380 352 -1.29412
380 379 -1.52206
380 380 7.01547
380 383 -0.964706
380 415 -0.967114
381 348 -0.678388
381 349 -1.78876
381 376 -0.782143
381 381 7.3469
381 382 -1.65503
381 411 -0.135889
381 412 -1.8493
381 416 -0.530837
382 349 -0.639014
382 377 -1.06983
382 381 -1.65503
382 382 7.10731
382 413 -1.70168
382 416 -1.00218
382 417 -1.08154
383 352 -1.5452
383 380 -0.964706
383 383 7.06593
383 385 -0.853501
383 415 -1.15049
383 418 -1.81069
383 419 -0.806119
384 350 -0.929352
384 351 -0.773731
384 352 -1.33474
384 354 -2.02025
384 384 7.52961
384 385 -2.24268
384 387 -0.00859566
384 420 -0.326817
385 352 -0.964706
385 383 -0.853501
385 384 -2.24268
385 385 7.63913
385 419 -1.92074
385 420 -1.7004
386 353 -1.28162
386 354 -1.50418
386 355 -0.741559
386 386 7.69277
386 387 -1.95768
386 388 -0.156796
386 421 -2.11436
387 354 -2.05618
387 384 -0.00859566
387 386 -1.95768
387 387 8.16642
387 420 -2.34488
387 421 -0.202938
387 422 -1.66507
388 355 -2.01601
388 356 -0.199784
388 386 -0.156796
388 388 7.79734
388 389 -1.32096
388 421 -2.16811
388 423 -2.02643
389 356 -2.1639
389 357 -1.16201
389 388 -1.32096
389 389 7.58984
389 390 -0.710697
389 391 -2.04568
389 423 -0.246649
390 357 -0.984103
390 362 -1.98608
390 389 -0.710697
390 390 7.67615
390 391 -1.98347
390 392 -1.97646
390 424 -0.112694
391 389 -2.04568
391 390 -1.98347
391 391 8.0105
391 423 -2.19879
391 424 -1.82179
392 362 -0.478517
392 390 -1.97646
392 392 7.70722
392 396 -1.44869
392 424 -1.67152
392 425 -2.17203
393 358 -0.348612
393 359 -2.18255
393 363 -2.45693
393 393 7.97524
393 394 -0.0465556
393 397 -0.61345
393 426 -1.89093
393 427 -0.499908
394 359 -1.88452
394 360 -1.29221
394 393 -0.0465556
394 394 7.88656
394 395 -0.748654
394 427 -2.82644
394 429 -1.15757
395 360 -1.43699
395 361 -1.13538
395 394 -0.748654
395 395 7.10366
395 396 -1.84714
395 429 -1.09228
395 430 -0.877152
396 361 -0.693633
396 362 -1.72974
396 392 -1.44869
396 395 -1.84714
396 396 7.20785
396 425 -0.823727
396 430 -0.734905
397 363 -1.75155
397 375 -1.90596
397 393 -0.61345
397 397 7.58775
397 410 -0.0409051
397 426 -1.46991
397 431 -1.85273
398 364 -0.398
398 365 -2.105
398 398 3.70067
398 399 -0.706667
398 432 -0.493333
399 365 -0.704667
399 398 -0.706667
399 399 7.42983
399 402 -2.3
399 432 -1.84271
399 433 -1.33771
399 435 -0.593333
400 367 -1.95747
400 400 7.84686
400 401 -2.46422
400 403 -1.6026
400 434 -1.35431
400 436 -0.494505
401 366 -1.30874
401 367 -0.277873
401 400 -2.46422
401 401 7.63395
401 402 -1.72727
401 436 -0.734295
401 437 -1.18648
402 365 -0.873557
402 366 -1.07758
402 399 -2.3
402 401 -1.72727
402 402 7.35095
402 435 -0.509667
402 437 -0.920425
403 367 -1.04546
403 368 -0.373477
403 400 -1.6026
403 403 7.5362
403 404 -2.59405
403 434 -1.04272
403 439 -0.946793
404 368 -1.02273
404 372 -1.23265
404 403 -2.59405
404 404 7.53323
404 408 -1.52664
404 438 -1.06611
404 439 -0.160714
405 369 -1.37875
405 371 -1.16313
405 372 -1.25362
405 405 7.02877
405 407 -1.38478
405 408 -0.742871
405 442 -1.18357
406 370 -1.37875
406 373 -2.00737
406 406 7.53784
406 407 -0.734239
406 409 -0.844548
406 440 -2.21023
406 441 -0.0328735
406 443 -0.399659
407 370 -1.52029
407 371 -1.38854
407 405 -1.38478
407 406 -0.734239
407 407 7.69563
407 442 -0.115326
407 443 -2.61076
408 372 -1.12808
408 404 -1.52664
408 405 -0.742871
408 408 7.07287
408 438 -1.30618
408 442 -1.53283
408 444 -0.883712
409 373 -1.97061
409 374 -1.25387
409 375 -0.263616
409 406 -0.844548
409 409 7.2562
409 410 -0.898231
409 441 -1.62124
409 445 -0.457348
410 375 -2.65668
410 397 -0.0409051
410 409 -0.898231
410 410 7.65366
410 431 -1.11372
410 445 -1.68403
410 446 -1.36951
411 376 -1.07974
411 381 -0.135889
411 411 4.15818
411 412 -2.52156
411 447 -0.447879
412 381 -1.8493
412 411 -2.52156
412 412 7.94744
412 416 -2.14832
412 447 -0.779586
412 448 -0.703916
413 377 -1.16484
413 378 -0.9182
413 382 -1.70168
413 413 7.45292
413 414 -2.48214
413 417 -0.882044
413 449 -0.375
414 378 -0.267857
414 379 -1.02273
414 413 -2.48214
414 414 7.46239
414 415 -1.60017
414 449 -0.990074
414 450 -1.15441
415 379 -1.22794
415 380 -0.967114
415 383 -1.15049
415 414 -1.60017
415 415 7.02303
415 418 -0.927558
415 450 -1.23058
416 381 -0.530837
416 382 -1.00218
416 412 -2.14832
416 416 7.32422
416 417 -1.78022
416 448 -0.89001
416 451 -0.989011
417 382 -1.08154
417 413 -0.882044
417 416 -1.78022
417 417 7.40193
417 449 -2.34111
417 451 -0.945026
417 452 -0.443659
418 383 -1.81069
418 415 -0.927558
418 418 7.27344
418 419 -0.866605
418 450 -0.66424
418 453 -1.99363
418 454 -1.062
419 383 -0.806119
419 385 -1.92074
419 418 -0.866605
419 419 7.2318
419 420 -0.566561
419 454 -1.82346
419 455 -1.31536
420 384 -0.326817
420 385 -1.7004
420 387 -2.34488
420 419 -0.566561
420 420 7.68982
420 422 -1.05745
420 455 -1.7427
421 386 -2.11436
421 387 -0.202938
421 388 -2.16811
421 421 7.86186
421 422 -1.5229
421 423 -0.050409
421 457 -1.89701
422 387 -1.66507
422 420 -1.05745
422 421 -1.5229
422 422 7.52876
422 455 -0.958744
422 456 -2.26187
422 457 -0.135248
423 388 -2.02643
423 389 -0.246649
423 391 -2.19879
423 421 -0.050409
423 423 8.05382
423 424 -0.249928
423 457 -0.784436
423 458 -2.54123
424 390 -0.112694
424 391 -1.82179
424 392 -1.67152
424 423 -0.249928
424 424 7.29525
424 425 -0.50988
424 458 -1.2231
424 459 -1.56783
424 460 -0.223075
425 392 -2.17203
425 396 -0.823727
425 424 -0.50988
425 425 7.57125
425 430 -1.6998
425 460 -1.80346
425 461 -0.622097
426 393 -1.89093
426 397 -1.46991
426 426 7.4312
426 427 -0.975617
426 428 -1.88099
426 431 -1.01438
426 462 -0.243688
427 393 -0.499908
427 394 -2.82644
427 426 -0.975617
427 427 7.68084
427 428 -1.3121
427 429 -1.24781
427 464 -0.902264
428 426 -1.88099
428 427 -1.3121
428 428 7.52394
428 462 -1.66125
428 463 -0.791079
428 464 -1.90748
429 394 -1.15757
429 395 -1.09228
429 427 -1.24781
429 429 7.35796
429 430 -2.42099
429 464 -0.586714
429 465 -0.937087
430 395 -0.877152
430 396 -0.734905
430 425 -1.6998
430 429 -2.42099
430 430 7.45882
430 461 -1.38963
430 465 -0.402537
431 397 -1.85273
431 410 -1.11372
431 426 -1.01438
431 431 7.20174
431 446 -0.721163
431 462 -1.37284
431 466 -1.2034
432 398 -0.493333
432 399 -1.84271
432 432 3.58875
432 433 -0.833333
432 467 -0.435833
433 399 -1.33771
433 432 -0.833333
433 433 7.24116
433 435 -2.01484
433 467 -1.69019
433 468 -0.754212
433 470 -0.654476
434 400 -1.35431
434 403 -1.04272
434 434 7.48332
434 436 -2.42333
434 439 -1.51648
434 469 -1.07022
434 471 -0.144476
435 399 -0.593333
435 402 -0.509667
435 433 -2.01484
435 435 7.46839
435 437 -2.21754
435 470 -1.26541
435 472 -0.923019
436 400 -0.494505
436 401 -0.734295
436 434 -2.42333
436 436 7.65511
436 437 -1.93794
436 471 -1.53638
436 472 -0.593678
437 401 -1.18648
437 402 -0.920425
437 435 -2.21754
437 436 -1.93794
437 437 7.5696
437 472 -1.35121
438 404 -1.06611
438 408 -1.30618
438 438 7.81649
438 439 -2.77112
438 444 -1.9045
438 473 -0.83181
439 403 -0.946793
439 404 -0.160714
439 434 -1.51648
439 438 -2.77112
439 439 7.75216
439 469 -1.66442
439 473 -0.638653
439 474 -0.0865254
440 406 -2.21023
440 440 8.08033
440 441 -2.01725
440 443 -1.96452
440 476 -1.92554
441 406 -0.0328735
441 409 -1.62124
441 440 -2.01725
441 441 7.59618
441 445 -1.91742
441 475 -1.39636
441 476 -0.654155
442 405 -1.18357
442 407 -0.115326
442 408 -1.53283
442 442 7.28542
442 443 -1.52654
442 444 -1.19146
442 477 -1.85215
443 406 -0.399659
443 407 -2.61076
443 440 -1.96452
443 442 -1.52654
443 443 7.90184
443 476 -0.884692
443 477 -0.594926
444 408 -0.883712
444 438 -1.9045
444 442 -1.19146
444 444 7.17802
444 473 -0.599366
444 477 -1.07872
444 478 -1.57218
445 409 -0.457348
445 410 -1.68403
445 441 -1.91742
445 445 7.49554
445 446 -1.57096
445 475 -1.27014
445 479 -0.632273
446 410 -1.36951
446 431 -0.721163
446 445 -1.57096
446 446 7.34937
446 466 -1.82301
446 479 -0.528688
446 480 -1.41407
447 411 -0.447879
447 412 -0.779586
447 447 3.69231
447 448 -2.07478
447 481 -0.377949
448 412 -0.703916
448 416 -0.89001
448 447 -2.07478
448 448 7.249
448 451 -1.81223
448 481 -0.782393
448 482 -1.04176
449 413 -0.375
449 414 -0.990074
449 417 -2.34111
449 449 7.83788
449 450 -2.04848
449 452 -1.98475
449 483 -0.172837
450 414 -1.15441
450 415 -1.23058
450 418 -0.66424
450 449 -2.04848
450 450 7.36498
450 453 -0.508348
450 483 -1.82736
451 416 -0.989011
451 417 -0.945026
451 448 -1.81223
451 451 7.10556
451 452 -1.62008
451 482 -0.72338
451 484 -1.07047
452 417 -0.443659
452 449 -1.98475
452 451 -1.62008
452 452 7.35003
452 483 -1.08517
452 484 -0.624524
452 485 -1.66639
453 418 -1.99363
453 450 -0.508348
453 453 7.44327
453 454 -1.12834
453 483 -1.21542
453 486 -1.78815
453 487 -0.895186
454 418 -1.062
454 419 -1.82346
454 453 -1.12834
454 454 7.67867
454 455 -1.31079
454 487 -2.42451
455 419 -1.31536
455 420 -1.7427
455 422 -0.958744
455 454 -1.31079
455 455 7.16575
455 456 -0.776029
455 487 -0.082626
455 488 -1.05332
456 422 -2.26187
456 455 -0.776029
456 456 7.74712
456 457 -1.70704
456 488 -0.938714
456 489 -2.1328
457 421 -1.89701
457 422 -0.135248
457 423 -0.784436
457 456 -1.70704
457 457 7.26539
457 458 -0.940665
457 489 -0.301784
457 490 -1.61604
458 423 -2.54123
458 424 -1.2231
458 457 -0.940665
458 458 7.89528
458 459 -0.297242
458 490 -0.481948
458 491 -2.50714
459 424 -1.56783
459 458 -0.297242
459 459 7.30911
459 460 -1.45766
459 491 -1.67547
459 492 -1.13478
459 493 -1.23697
460 424 -0.223075
460 425 -1.80346
460 459 -1.45766
460 460 8.18131
460 461 -1.92796
460 492 -2.72473
460 495 -0.136517
461 425 -0.622097
461 430 -1.38963
461 460 -1.92796
461 461 7.39422
461 465 -1.41571
461 494 -1.80955
461 495 -0.327727
462 426 -0.243688
462 428 -1.66125
462 431 -1.37284
462 462 7.85879
462 463 -2.18281
462 466 -2.22528
462 496 -0.20622
463 428 -0.791079
463 462 -2.18281
463 463 7.38851
463 464 -0.700922
463 496 -1.18197
463 497 -1.80072
463 498 -0.794088
464 427 -0.902264
464 428 -1.90748
464 429 -0.586714
464 463 -0.700922
464 464 7.59315
464 465 -2.51855
464 498 -1.04998
465 429 -0.937087
465 430 -0.402537
465 461 -1.41571
465 464 -2.51855
465 465 7.43109
465 494 -1.08613
465 498 -1.10121
466 431 -1.2034
466 446 -1.82301
466 462 -2.22528
466 466 7.5674
466 480 -1.47788
466 496 -0.890587
467 432 -0.435833
467 433 -1.69019
467 467 3.54463
467 468 -1.10861
467 499 -0.326667
468 433 -0.754212
468 467 -1.10861
468 468 7.78598
468 470 -2.16774
468 499 -2.5
468 500 -1.30151
469 434 -1.07022
469 439 -1.66442
469 469 8.40945
469 471 -2.76923
469 474 -2.7706
469 501 -0.17724
470 433 -0.654476
470 435 -1.26541
470 468 -2.16774
470 470 7.24876
470 472 -1.21968
470 500 -0.573302
470 502 -1.45261
471 434 -0.144476
471 436 -1.53638
471 469 -2.76923
471 471 7.75313
471 472 -0.550806
471 501 -1.51573
471 503 -1.28752
472 435 -0.923019
472 436 -0.593678
472 437 -1.35121
472 470 -1.21968
472 471 -0.550806
472 472 6.96389
472 502 -0.792735
472 503 -1.64466
473 438 -0.83181
473 439 -0.638653
473 444 -0.599366
473 473 7.613
473 474 -2.80405
473 478 -1.22103
473 505 -1.55906
474 439 -0.0865254
474 469 -2.7706
474 473 -2.80405
474 474 8.27662
474 501 -1.16636
474 504 -1.30076
474 505 -0.22726
475 441 -1.39636
475 445 -1.27014
475 475 7.46418
475 476 -0.996488
475 479 -1.97209
475 507 -1.87075
476 440 -1.92554
476 441 -0.654155
476 443 -0.884692
476 475 -0.996488
476 476 7.48771
476 477 -0.0643853
476 506 -1.88763
476 507 -1.13668
477 442 -1.85215
477 443 -0.594926
477 444 -1.07872
477 476 -0.0643853
477 477 7.40992
477 478 -0.959363
477 506 -2.09368
477 508 -0.816274
478 444 -1.57218
478 473 -1.22103
478 477 -0.959363
478 478 7.21297
478 505 -0.226372
478 508 -1.45876
478 509 -1.89195
479 445 -0.632273
479 446 -0.528688
479 475 -1.97209
479 479 7.46134
479 480 -0.805632
479 507 -0.0498692
479 510 -2.21146
479 511 -1.34213
480 446 -1.41407
480 466 -1.47788
480 479 -0.805632
480 480 7.24389
480 496 -1.53159
480 511 -1.53915
480 512 -0.54441
481 447 -0.377949
481 448 -0.782393
481 481 3.70498
481 482 -2.11537
481 513 -0.429231
482 448 -1.04176
482 451 -0.72338
482 481 -2.11537
482 482 7.45792
482 484 -2.24753
482 513 -0.709517
482 514 -0.6735
483 449 -0.172837
483 450 -1.82736
483 452 -1.08517
483 453 -1.21542
483 483 7.31245
483 485 -0.449336
483 486 -1.8064
483 515 -0.781221
484 451 -1.07047
484 452 -0.624524
484 482 -2.24753
484 484 7.31906
484 485 -1.73606
484 514 -0.974334
484 516 -0.727038
485 452 -1.66639
485 483 -0.449336
485 484 -1.73606
485 485 7.34776
485 515 -1.22409
485 516 -0.663655
485 517 -1.70604
486 453 -1.78815
486 483 -1.8064
486 486 8.16429
486 487 -0.0590031
486 515 -2.02325
486 519 -2.55077
487 453 -0.895186
487 454 -2.42451
487 455 -0.082626
487 486 -0.0590031
487 487 7.57803
487 488 -1.81986
487 519 -1.32789
487 520 -0.113734
487 521 -0.94751
488 455 -1.05332
488 456 -0.938714
488 487 -1.81986
488 488 7.07386
488 489 -1.35364
488 518 -0.795691
488 521 -1.20605
489 456 -2.1328
489 457 -0.301784
489 488 -1.35364
489 489 7.35485
489 490 -1.62505
489 518 -0.786102
489 522 -1.20864
490 457 -1.61604
490 458 -0.481948
490 489 -1.62505
490 490 7.18036
490 491 -1.38594
490 522 -0.803692
490 524 -1.34336
491 458 -2.50714
491 459 -1.67547
491 490 -1.38594
491 491 7.6573
491 493 -0.610241
491 524 -1.56745
492 459 -1.13478
492 460 -2.72473
492 492 8.07083
492 493 -1.68165
492 495 -2.18219
492 525 -0.418514
493 459 -1.23697
493 491 -0.610241
493 492 -1.68165
493 493 7.19606
493 523 -1.83811
493 524 -0.855634
493 525 -1.05633
494 461 -1.80955
494 465 -1.08613
494 494 7.59607
494 495 -1.60388
494 498 -0.980882
494 527 -2.17205
495 460 -0.136517
495 461 -0.327727
495 492 -2.18219
495 494 -1.60388
495 495 7.7189
495 525 -1.21052
495 526 -2.16188
495 527 -0.212386
496 462 -0.20622
496 463 -1.18197
496 466 -0.890587
496 480 -1.53159
496 496 6.9322
496 497 -1.35277
496 512 -1.06573
496 528 -0.810993
497 463 -1.80072
497 496 -1.35277
497 497 7.60113
497 498 -0.824162
497 528 -1.26954
497 529 -2.44014
498 463 -0.794088
498 464 -1.04998
498 465 -1.10121
498 494 -0.980882
498 497 -0.824162
498 498 6.82754
498 527 -1.46756
498 529 -0.724654
499 467 -0.326667
499 468 -2.5
499 499 4.12444
499 500 -0.277778
499 530 -0.993333
500 468 -1.30151
500 470 -0.573302
500 499 -0.277778
500 500 6.99854
500 502 -1.45125
500 530 -0.841333
500 531 -0.9375
500 532 -1.71321
501 469 -0.17724
501 471 -1.51573
501 474 -1.16636
501 501 7.61482
501 503 -0.783579
501 504 -0.733508
501 533 -2.84127
501 534 -0.467047
502 470 -1.45261
502 472 -0.792735
502 500 -1.45125
502 502 7.11394
502 503 -1.25252
502 532 -0.515873
502 535 -1.70895
503 471 -1.28752
503 472 -1.64466
503 501 -0.783579
503 502 -1.25252
503 503 6.93097
503 533 -0.342574
503 535 -0.779357
503 536 -0.905185
504 474 -1.30076
504 501 -0.733508
504 504 7.58581
504 505 -2.55488
504 534 -1.8431
504 537 -0.867963
504 538 -0.348092
505 473 -1.55906
505 474 -0.22726
505 478 -0.226372
505 504 -2.55488
505 505 7.86732
505 509 -2.09161
505 538 -1.24399
506 476 -1.88763
506 477 -2.09368
506 506 7.66854
506 507 -0.765709
506 508 -1.38998
506 540 -1.57975
507 475 -1.87075
507 476 -1.13668
507 479 -0.0498692
507 506 -0.765709
507 507 7.48975
507 510 -1.69908
507 539 -0.039058
507 540 -1.97326
508 477 -0.816274
508 478 -1.45876
508 506 -1.38998
508 508 7.28463
508 509 -0.603221
508 540 -0.860647
508 541 -2.2286
509 478 -1.89195
509 505 -2.09161
509 508 -0.603221
509 509 7.36344
509 538 -0.582962
509 541 -0.823814
509 542 -1.44337
510 479 -2.21146
510 507 -1.69908
510 510 7.76183
510 511 -0.704572
510 539 -2.26284
510 543 -0.912184
511 479 -1.34213
511 480 -1.53915
511 510 -0.704572
511 511 7.15705
511 512 -1.71568
511 543 -1.46387
511 544 -0.481155
512 480 -0.54441
512 496 -1.06573
512 511 -1.71568
512 512 7.2103
512 528 -1.28623
512 544 -1.97291
512 545 -0.717457
513 481 -0.429231
513 482 -0.709517
513 513 3.76803
513 514 -2.27264
513 546 -0.371111
514 482 -0.6735
514 484 -0.974334
514 513 -2.27264
514 514 7.34928
514 516 -1.87458
514 546 -0.866943
514 547 -0.759221
515 483 -0.781221
515 485 -1.22409
515 486 -2.02325
515 515 7.47701
515 517 -1.44898
515 519 -0.450433
515 549 -1.60093
516 484 -0.727038
516 485 -0.663655
516 514 -1.87458
516 516 7.33557
516 517 -2.11096
516 547 -0.836279
516 548 -1.1289
516 550 -0.0493711
517 485 -1.70604
517 515 -1.44898
517 516 -2.11096
517 517 7.6673
517 549 -0.478676
517 550 -1.96087
518 488 -0.795691
518 489 -0.786102
518 518 7.85333
518 521 -2.16486
518 522 -2.57655
518 551 -1.58018
519 486 -2.55077
519 487 -1.32789
519 515 -0.450433
519 519 8.04532
519 520 -2.62846
519 549 -0.750596
519 552 -0.388552
520 487 -0.113734
520 519 -2.62846
520 520 8.16536
520 521 -1.96163
520 552 -1.47404
520 553 -2.05284
521 487 -0.94751
521 488 -1.20605
521 518 -2.16486
521 520 -1.96163
521 521 7.53778
521 551 -0.374671
521 553 -0.948764
522 489 -1.20864
522 490 -0.803692
522 518 -2.57655
522 522 7.66593
522 524 -1.02821
522 551 -0.205716
522 554 -1.90717
523 493 -1.83811
523 523 7.80275
523 524 -1.87085
523 525 -0.371814
523 555 -1.66211
523 556 -2.12444
524 490 -1.34336
524 491 -1.56745
524 493 -0.855634
524 522 -1.02821
524 523 -1.87085
524 524 7.22515
524 554 -0.641297
524 556 -0.0130558
525 492 -0.418514
525 493 -1.05633
525 495 -1.21052
525 523 -0.371814
525 525 6.99203
525 526 -1.20416
525 555 -1.31304
525 557 -1.49501
526 495 -2.16188
526 525 -1.20416
526 526 7.45915
526 527 -0.408003
526 557 -0.828957
526 558 -1.62616
526 559 -1.31379
527 494 -2.17205
527 495 -0.212386
527 498 -1.46756
527 526 -0.408003
527 527 7.31095
527 529 -0.835647
527 558 -1.06059
527 560 -1.2922
528 496 -0.810993
528 497 -1.26954
528 512 -1.28623
528 528 6.95169
528 529 -1.01137
528 545 -1.4176
528 561 -0.565155
528 562 -0.651178
529 497 -2.44014
529 498 -0.724654
529 527 -0.835647
529 528 -1.01137
529 529 7.52921
529 560 -1.87333
529 562 -0.721357
530 499 -0.993333
530 500 -0.841333
530 530 3.64978
530 531 -1.50711
530 564 -0.326667
531 500 -0.9375
531 530 -1.50711
531 531 7.87883
531 532 -0.846667
531 563 -2
531 564 -2.67111
531 565 -0.00444444
532 500 -1.71321
532 502 -0.515873
532 531 -0.846667
532 532 7.11821
532 535 -1.26197
532 563 -1.1967
532 566 -1.70932
533 501 -2.84127
533 503 -0.342574
533 533 8.10041
533 534 -1.5262
533 536 -2.08962
533 567 -1.36974
534 501 -0.467047
534 504 -1.8431
534 533 -1.5262
534 534 7.22802
534 537 -1.32493
534 567 -1.28548
534 568 -0.819903
535 502 -1.70895
535 503 -0.779357
535 532 -1.26197
535 535 7.31615
535 536 -1.73831
535 566 -0.472319
535 569 -1.41944
536 503 -0.905185
536 533 -2.08962
536 535 -1.73831
536 536 7.48229
536 567 -0.1109
536 569 -1.64762
536 570 -1.08707
537 504 -0.867963
537 534 -1.32493
537 537 7.29538
537 538 -2.20718
537 568 -1.26782
537 572 -0.445692
537 573 -1.25837
538 504 -0.348092
538 505 -1.24399
538 509 -0.582962
538 537 -2.20718
538 538 7.46983
538 542 -1.75635
538 573 -1.41297
539 507 -0.039058
539 510 -2.26284
539 539 7.46097
539 540 -1.16937
539 543 -1.05801
539 574 -1.26331
539 575 -1.75945
540 506 -1.57975
540 507 -1.97326
540 508 -0.860647
540 539 -1.16937
540 540 7.3485
540 541 -0.334312
540 575 -1.53159
541 508 -2.2286
541 509 -0.823814
541 540 -0.334312
541 541 7.42268
541 542 -0.875176
541 575 -1.33187
541 576 -1.92866
542 509 -1.44337
542 538 -1.75635
542 541 -0.875176
542 542 7.2055
542 573 -0.644353
542 576 -1.24612
542 577 -1.2942
543 510 -0.912184
543 511 -1.46387
543 539 -1.05801
543 543 7.11016
543 544 -1.6178
543 574 -1.42598
543 578 -0.710875
544 511 -0.481155
544 512 -1.97291
544 543 -1.6178
544 544 7.2575
544 545 -1.33452
544 578 -1.2414
544 579 -0.666465
545 512 -0.717457
545 528 -1.4176
545 544 -1.33452
545 545 7.67479
545 561 -2.74
545 579 -1.50468
545 580 -0.0448
546 513 -0.371111
546 514 -0.866943
546 546 3.65185
546 547 -2.02375
546 581 -0.405098
547 514 -0.759221
547 516 -0.836279
547 546 -2.02375
547 547 7.31021
547 548 -2.07107
547 581 -0.791754
547 582 -0.898217
548 516 -1.1289
548 547 -2.07107
548 548 7.823
548 550 -2.52155
548 582 -0.612917
548 583 -1.53138
549 515 -1.60093
549 517 -0.478676
549 519 -0.750596
549 549 7.33923
549 550 -1.86248
549 552 -1.87536
549 584 -0.843602
550 516 -0.0493711
550 517 -1.96087
550 548 -2.52155
550 549 -1.86248
550 550 8.01852
550 583 -0.264466
550 584 -1.42184
551 518 -1.58018
551 521 -0.374671
551 522 -0.205716
551 551 7.21744
551 553 -0.920643
551 554 -0.952159
551 585 -1.64599
551 586 -1.58759
552 519 -0.388552
552 520 -1.47404
552 549 -1.87536
552 552 7.33337
552 553 -0.933186
552 584 -1.65652
552 588 -1.05681
553 520 -2.05284
553 521 -0.948764
553 551 -0.920643
553 552 -0.933186
553 553 7.30005
553 586 -1.64038
553 588 -0.897054
554 522 -1.90717
554 524 -0.641297
554 551 -0.952159
554 554 7.41967
554 556 -1.75083
554 585 -1.55827
554 589 -0.702687
555 523 -1.66211
555 525 -1.31304
555 555 7.13444
555 556 -0.392093
555 557 -1.22318
555 571 -1.18352
555 590 -1.43851
556 523 -2.12444
556 524 -0.0130558
556 554 -1.75083
556 555 -0.392093
556 556 7.92774
556 589 -2.04627
556 590 -1.61558
557 525 -1.49501
557 526 -0.828957
557 555 -1.22318
557 557 6.95866
557 559 -1.22873
557 571 -1.28625
557 592 -0.945358
558 526 -1.62616
558 527 -1.06059
558 558 7.55119
558 559 -1.76574
558 560 -1.56583
558 593 -1.54662
559 526 -1.31379
559 557 -1.22873
559 558 -1.76574
559 559 7.16613
559 592 -1.39233
559 593 -0.568891
559 594 -0.928249
560 527 -1.2922
560 529 -1.87333
560 558 -1.56583
560 560 7.34042
560 562 -1.39585
560 593 -1.23747
560 595 -0.0238245
561 528 -0.565155
561 545 -2.74
561 561 7.93926
561 562 -2.15943
561 580 -1.28088
561 596 -1.24946
562 528 -0.651178
562 529 -0.721357
562 560 -1.39585
562 561 -2.15943
562 562 7.77178
562 595 -2.62727
562 596 -0.306492
563 531 -2
563 532 -1.1967
563 563 7.82514
563 565 -2.67111
563 566 -0.833333
563 597 -1.172
564 530 -0.326667
564 531 -2.67111
564 564 4.2
564 565 -0.228889
564 598 -1
565 531 -0.00444444
565 563 -2.67111
565 564 -0.228889
565 565 4.20444
565 597 -0.326667
565 598 -0.993333
566 532 -1.70932
566 535 -0.472319
566 563 -0.833333
566 566 7.15587
566 569 -0.343194
566 597 -1.52778
566 599 -0.843111
566 600 -1.52015
567 533 -1.36974
567 534 -1.28548
567 536 -0.1109
567 567 7.43467
567 568 -1.91061
567 570 -1.7523
567 602 -1.03912
568 534 -0.819903
568 537 -1.26782
568 567 -1.91061
568 568 7.69491
568 572 -2.05755
568 602 -1.69652
569 535 -1.41944
569 536 -1.64762
569 566 -0.343194
569 569 7.5393
569 570 -1.21929
569 600 -2.2685
569 603 -0.725397
570 536 -1.08707
570 567 -1.7523
570 569 -1.21929
570 570 7.57416
570 602 -1.44244
570 603 -2.13628
571 555 -1.18352
571 557 -1.28625
571 571 7.24517
571 590 -0.520114
571 592 -1.2531
571 604 -2.26112
571 605 -0.840375
572 537 -0.445692
572 568 -2.05755
572 572 7.61096
572 573 -1.92628
572 601 -0.977661
572 602 -0.07986
572 606 -0.213046
572 607 -2.02733
573 537 -1.25837
573 538 -1.41297
573 542 -0.644353
573 572 -1.92628
573 573 7.43435
573 577 -0.111366
573 607 -0.346165
573 608 -1.85752
574 539 -1.26331
574 543 -1.42598
574 574 7.51541
574 575 -0.722431
574 578 -0.213501
574 609 -1.88973
574 610 -2.04891
575 539 -1.75945
575 540 -1.53159
575 541 -1.33187
575 574 -0.722431
575 575 7.24283
575 576 -0.458439
575 610 -1.48719
576 541 -1.92866
576 542 -1.24612
576 575 -0.458439
576 576 7.17413
576 577 -1.48256
576 610 -1.36358
576 611 -0.767344
577 542 -1.2942
577 573 -0.111366
577 576 -1.48256
577 577 7.60516
577 608 -2.42979
577 611 -1.32213
577 612 -1.03091
578 543 -0.710875
578 544 -1.2414
578 574 -0.213501
578 578 7.28855
578 579 -1.45512
578 609 -2.32783
578 613 -0.537227
578 614 -0.92356
579 544 -0.666465
579 545 -1.50468
579 578 -1.45512
579 579 7.6066
579 580 -2.59875
579 614 -1.44295
579 616 -0.0450667
580 545 -0.0448
580 561 -1.28088
580 579 -2.59875
580 580 7.55612
580 596 -1.06944
580 615 -1.30183
580 616 -1.33745
581 546 -0.405098
581 547 -0.791754
581 581 3.72675
581 582 -2.16638
581 617 -0.363519
582 547 -0.898217
582 548 -0.612917
582 581 -2.16638
582 582 7.91798
582 583 -2.5902
582 617 -1.47314
582 618 -0.21098
583 548 -1.53138
583 550 -0.264466
583 582 -2.5902
583 583 7.90505
583 584 -0.923183
583 591 -2.20235
583 618 -0.476877
584 549 -0.843602
584 550 -1.42184
584 552 -1.65652
584 583 -0.923183
584 584 7.02397
584 588 -0.935256
584 591 -0.651615
584 619 -0.674018
585 551 -1.64599
585 554 -1.55827
585 585 7.66185
585 586 -0.43355
585 587 -2.01647
585 589 -1.94455
585 620 -0.112512
586 551 -1.58759
586 553 -1.64038
586 585 -0.43355
586 586 7.61793
586 587 -2.07059
586 588 -1.85302
586 621 -0.125
587 585 -2.01647
587 586 -2.07059
587 587 8.13658
587 620 -2.121
587 621 -1.97085
588 552 -1.05681
588 553 -0.897054
588 584 -0.935256
588 586 -1.85302
588 588 7.26438
588 619 -1.81187
588 621 -0.756741
589 554 -0.702687
589 556 -2.04627
589 585 -1.94455
589 589 7.44894
589 590 -0.627024
589 620 -0.659577
589 623 -1.50273
590 555 -1.43851
590 556 -1.61558
590 571 -0.520114
590 589 -0.627024
590 590 7.17126
590 604 -1.51242
590 622 -0.0606497
590 623 -1.48538
591 583 -2.20235
591 584 -0.651615
591 591 7.39941
591 618 -1.1919
591 619 -0.882142
591 625 -0.927995
591 626 -1.61816
592 557 -0.945358
592 559 -1.39233
592 571 -1.2531
592 592 6.94263
592 594 -1.20605
592 605 -1.17917
592 627 -1.01606
593 558 -1.54662
593 559 -0.568891
593 560 -1.23747
593 593 7.29933
593 594 -0.991352
593 595 -1.93937
593 629 -1.11582
594 559 -0.928249
594 592 -1.20605
594 593 -0.991352
594 594 7.06717
594 627 -1.82832
594 628 -0.916791
594 629 -1.29149
595 560 -0.0238245
595 562 -2.62727
595 593 -1.93937
595 595 8.06604
595 596 -1.21443
595 629 -2.0351
595 630 -0.272986
596 561 -1.24946
596 562 -0.306492
596 580 -1.06944
596 595 -1.21443
596 596 7.2115
596 615 -1.80248
596 630 -1.61871
597 563 -1.172
597 565 -0.326667
597 566 -1.52778
597 597 3.53044
597 599 -0.493333
598 564 -1
598 565 -0.993333
598 598 2
599 566 -0.843111
599 597 -0.493333
599 599 3.66044
599 600 -2
599 631 -0.326667
600 566 -1.52015
600 569 -2.2685
600 599 -2
600 600 7.66815
600 603 -0.952381
600 631 -0.968073
601 572 -0.977661
601 601 7.77413
601 602 -1.82722
601 606 -1.77066
601 632 -2.36451
601 633 -0.875
602 567 -1.03912
602 568 -1.69652
602 570 -1.44244
602 572 -0.07986
602 601 -1.82722
602 602 7.35848
602 603 -0.413348
602 632 -0.222387
602 634 -0.720238
603 569 -0.725397
603 570 -2.13628
603 600 -0.952381
603 602 -0.413348
603 603 7.53143
603 631 -1.90952
603 634 -1.46402
604 571 -2.26112
604 590 -1.51242
604 604 8.07799
604 605 -1.22556
604 622 -2.79393
604 636 -0.350009
605 571 -0.840375
605 592 -1.17917
605 604 -1.22556
605 605 7.03941
605 627 -1.11023
605 635 -1.57202
605 636 -1.1886
606 572 -0.213046
606 601 -1.77066
606 606 7.58057
606 607 -2.03615
606 633 -1.87941
606 637 -0.685316
606 639 -1.06196
607 572 -2.02733
607 573 -0.346165
607 606 -2.03615
607 607 7.5715
607 608 -0.848132
607 639 -0.643935
607 640 -1.74529
608 573 -1.85752
608 577 -2.42979
608 607 -0.848132
608 608 7.68662
608 612 -1.08559
608 638 -1.45991
608 640 -0.117791
609 574 -1.88973
609 578 -2.32783
609 609 7.91861
609 610 -0.588932
609 613 -2.09978
609 641 -1.06154
610 574 -2.04891
610 575 -1.48719
610 576 -1.36358
610 609 -0.588932
610 610 7.56209
610 611 -1.84236
610 641 -0.299841
611 576 -0.767344
611 577 -1.32213
611 610 -1.84236
611 611 7.40933
611 612 -1.08902
611 641 -2.1709
611 643 -0.307131
612 577 -1.03091
612 608 -1.08559
612 611 -1.08902
612 612 7.06318
612 638 -1.74735
612 643 -1.3606
612 644 -0.813437
613 578 -0.537227
613 609 -2.09978
613 613 7.5519
613 614 -1.56275
613 641 -0.194316
613 642 -1.69991
613 645 -1.52519
614 578 -0.92356
614 579 -1.44295
614 613 -1.56275
614 614 7.56013
614 616 -2.462
614 645 -1.1926
614 646 -0.0453333
615 580 -1.30183
615 596 -1.80248
615 615 7.15718
615 616 -0.870558
615 630 -0.551898
615 647 -1.20738
615 648 -1.50012
616 579 -0.0450667
616 580 -1.33745
616 614 -2.462
616 615 -0.870558
616 616 7.6051
616 646 -1.71279
616 648 -1.19244
617 581 -0.363519
617 582 -1.47314
617 617 3.69712
617 618 -1.44204
617 649 -0.405098
618 582 -0.21098
618 583 -0.476877
618 591 -1.1919
618 617 -1.44204
618 618 7.18661
618 625 -1.14226
618 649 -1.96794
618 650 -0.864878
619 584 -0.674018
619 588 -1.81187
619 591 -0.882142
619 619 7.40295
619 621 -1.32159
619 626 -1.95493
619 651 -0.84146
620 585 -0.112512
620 587 -2.121
620 589 -0.659577
620 620 8.15119
620 621 -1.19809
620 623 -0.995538
620 624 -3.01226
620 652 -0.152115
621 586 -0.125
621 587 -1.97085
621 588 -0.756741
621 619 -1.32159
621 620 -1.19809
621 621 7.23694
621 651 -1.22746
621 652 -0.73765
622 590 -0.0606497
622 604 -2.79393
622 622 8.39284
622 623 -1.74969
622 636 -1.16537
622 653 -2.67993
623 589 -1.50273
623 590 -1.48538
623 620 -0.995538
623 622 -1.74969
623 623 7.31962
623 624 -1.42162
623 653 -0.0783881
623 654 -0.166918
624 620 -3.01226
624 623 -1.42162
624 624 8.55967
624 652 -1.65799
624 654 -2.51665
625 591 -0.927995
625 618 -1.14226
625 625 7.0669
625 626 -1.33792
625 650 -1.89441
625 655 -0.938407
625 656 -0.90606
626 591 -1.61816
626 619 -1.95493
626 625 -1.33792
626 626 7.39843
626 651 -1.59615
626 656 -0.936471
627 592 -1.01606
627 594 -1.82832
627 605 -1.11023
627 627 7.16801
627 628 -1.14206
627 635 -1.53069
627 657 -0.584151
628 594 -0.916791
628 627 -1.14206
628 628 7.11385
628 629 -1.00111
628 657 -1.43925
628 658 -0.808775
628 659 -1.88901
629 593 -1.11582
629 594 -1.29149
629 595 -2.0351
629 628 -1.00111
629 629 7.48517
629 630 -1.93262
629 659 -0.164811
630 595 -0.272986
630 596 -1.61871
630 615 -0.551898
630 629 -1.93262
630 630 7.41268
630 647 -1.3247
630 659 -1.79231
631 599 -0.326667
631 600 -0.968073
631 603 -1.90952
631 631 3.61188
631 634 -0.421905
632 601 -2.36451
632 602 -0.222387
632 632 4.10333
632 633 -0.407273
632 634 -1.14148
633 601 -0.875
633 606 -1.87941
633 632 -0.407273
633 633 3.59876
633 637 -0.452727
634 602 -0.720238
634 603 -1.46402
634 631 -0.421905
634 632 -1.14148
634 634 3.74892
635 605 -1.57202
635 627 -1.53069
635 635 7.40382
635 636 -1.44338
635 657 -1.88131
635 661 -1.02179
636 604 -0.350009
636 605 -1.1886
636 622 -1.16537
636 635 -1.44338
636 636 7.01222
636 653 -0.344515
636 660 -1.37011
636 661 -1.22703
637 606 -0.685316
637 633 -0.452727
637 637 3.76392
637 639 -2.26168
637 662 -0.37875
638 608 -1.45991
638 612 -1.74735
638 638 7.82951
638 640 -2.75
638 644 -1.01194
638 663 -0.929438
639 606 -1.06196
639 607 -0.643935
639 637 -2.26168
639 639 7.35681
639 640 -1.83194
639 662 -0.829333
639 664 -0.77209
640 607 -1.74529
640 608 -0.117791
640 638 -2.75
640 639 -1.83194
640 640 7.92719
640 663 -0.594048
640 664 -0.933158
641 609 -1.06154
641 610 -0.299841
641 611 -2.1709
641 613 -0.194316
641 641 7.80952
641 642 -2.18536
641 643 -1.90872
641 666 -0.059841
642 613 -1.69991
642 641 -2.18536
642 642 7.80068
642 645 -0.911535
642 666 -2.30812
642 667 -0.724879
643 611 -0.307131
643 612 -1.3606
643 641 -1.90872
643 643 7.54194
643 644 -2
643 666 -1.64832
643 668 -0.371422
644 612 -0.813437
644 638 -1.01194
644 643 -2
644 644 7.23501
644 663 -1.81618
644 665 -0.93087
644 668 -0.719826
645 613 -1.52519
645 614 -1.1926
645 642 -0.911535
645 645 7.50094
645 646 -2.34846
645 667 -1.57867
645 670 -0.0456
646 614 -0.0453333
646 616 -1.71279
646 645 -2.34846
646 646 7.88312
646 648 -0.131886
646 669 -2.12834
646 670 -1.60471
647 615 -1.20738
647 630 -1.3247
647 647 7.57305
647 648 -1.65749
647 659 -1.09587
647 671 -2.33561
648 615 -1.50012
648 616 -1.19244
648 646 -0.131886
648 647 -1.65749
648 648 7.32445
648 669 -1.89061
648 671 -0.760562
648 672 -0.27834
649 617 -0.405098
649 618 -1.96794
649 649 3.63812
649 650 -0.893363
649 673 -0.372917
650 618 -0.864878
650 625 -1.89441
650 649 -0.893363
650 650 7.3166
650 655 -1.00154
650 673 -2.12109
650 674 -0.583986
651 619 -0.84146
651 621 -1.22746
651 626 -1.59615
651 651 7.11557
651 652 -0.939975
651 656 -1.5076
651 675 -1.08828
652 620 -0.152115
652 621 -0.73765
652 624 -1.65799
652 651 -0.939975
652 652 7.22599
652 654 -0.475364
652 675 -1.44276
652 676 -1.92264
653 622 -2.67993
653 623 -0.0783881
653 636 -0.344515
653 653 8.10733
653 654 -2.16512
653 660 -1.43835
653 677 -1.46223
654 623 -0.166918
654 624 -2.51665
654 652 -0.475364
654 653 -2.16512
654 654 8.00522
654 676 -1.09253
654 677 -1.69589
655 625 -0.938407
655 650 -1.00154
655 655 7.70082
655 656 -1.99565
655 674 -2.45738
655 678 -1.36598
656 625 -0.90606
656 626 -0.936471
656 651 -1.5076
656 655 -1.99565
656 656 7.14864
656 675 -1.16429
656 678 -0.698119
657 627 -0.584151
657 628 -1.43925
657 635 -1.88131
657 657 7.49877
657 658 -0.953714
657 661 -0.292981
657 679 -2.33129
657 680 -0.115173
658 628 -0.808775
658 657 -0.953714
658 658 7.76701
658 659 -2.13368
658 680 -1.90453
658 681 -2.06549
659 628 -1.88901
659 629 -0.164811
659 630 -1.79231
659 647 -1.09587
659 658 -2.13368
659 659 7.68819
659 671 -0.5881
659 681 -0.0927438
660 636 -1.37011
660 653 -1.43835
660 660 7.0409
660 661 -1.43918
660 677 -0.732903
660 682 -1.28469
660 683 -0.843377
661 635 -1.02179
661 636 -1.22703
661 657 -0.292981
661 660 -1.43918
661 661 7.26809
661 679 -1.8467
661 683 -1.52706
662 637 -0.37875
662 639 -0.829333
662 662 3.68261
662 664 -2.02596
662 684 -0.421905
663 638 -0.929438
663 640 -0.594048
663 644 -1.81618
663 663 7.29387
663 664 -2.1653
663 665 -0.933823
663 685 -0.910622
664 639 -0.77209
664 640 -0.933158
664 662 -2.02596
664 663 -2.1653
664 664 7.35357
664 684 -0.832961
664 685 -0.696429
665 644 -0.93087
665 663 -0.933823
665 665 7.8731
665 668 -2.71493
665 685 -1.89441
665 686 -1.4273
666 641 -0.059841
666 642 -2.30812
666 643 -1.64832
666 666 7.95405
666 667 -1.24922
666 668 -2.46663
666 687 -0.265553
667 642 -0.724879
667 645 -1.57867
667 666 -1.24922
667 667 7.49594
667 670 -2.23455
667 687 -1.77264
667 688 -0.0458667
668 643 -0.371422
668 644 -0.719826
668 665 -2.71493
668 666 -2.46663
668 668 8.07043
668 686 -0.20228
668 687 -1.5814
668 689 -0.135887
669 646 -2.12834
669 648 -1.89061
669 669 7.75545
669 670 -0.264706
669 672 -1.89326
669 690 -1.64706
670 645 -0.0456
670 646 -1.60471
670 667 -2.23455
670 669 -0.264706
670 670 7.74727
670 688 -1.76235
670 690 -1.88863
671 647 -2.33561
671 648 -0.760562
671 659 -0.5881
671 671 7.58167
671 672 -1.70774
671 681 -1.22967
671 692 -1.01646
672 648 -0.27834
672 669 -1.89326
672 671 -1.70774
672 672 7.42825
672 690 -0.400448
672 692 -1.57719
672 693 -1.65216
673 649 -0.372917
673 650 -2.12109
673 673 3.70875
673 674 -0.787495
673 694 -0.429231
674 650 -0.583986
674 655 -2.45738
674 673 -0.787495
674 674 7.8972
674 678 -0.256571
674 694 -2.11573
674 695 -1.74098
675 651 -1.08828
675 652 -1.44276
675 656 -1.16429
675 675 7.15256
675 676 -0.340097
675 678 -1.6367
675 696 -1.54585
676 652 -1.92264
676 654 -1.09253
676 675 -0.340097
676 676 7.45123
676 677 -0.560307
676 696 -1.88903
676 697 -1.69476
677 653 -1.46223
677 654 -1.69589
677 660 -0.732903
677 676 -0.560307
677 677 7.353
677 682 -2.04546
677 697 -0.900896
677 698 -0.0282574
678 655 -1.36598
678 656 -0.698119
678 674 -0.256571
678 675 -1.6367
678 678 7.08513
678 695 -0.0954209
678 696 -0.7656
678 699 -1.5545
678 700 -0.820558
679 657 -2.33129
679 661 -1.8467
679 679 7.6739
679 680 -1.78558
679 683 -0.0228256
679 701 -1.22124
679 702 -0.568438
680 657 -0.115173
680 658 -1.90453
680 679 -1.78558
680 680 7.49848
680 681 -0.538204
680 702 -1.68706
680 703 -1.52145
681 658 -2.06549
681 659 -0.0927438
681 671 -1.22967
681 680 -0.538204
681 681 7.24347
681 691 -1.00377
681 692 -0.853485
681 703 -1.5878
682 660 -1.28469
682 677 -2.04546
682 682 7.51089
682 683 -0.98483
682 698 -1.96881
682 704 -1.30147
683 660 -0.843377
683 661 -1.52706
683 679 -0.0228256
683 682 -0.98483
683 683 7.75673
683 701 -2.39484
683 704 -2.05327
684 662 -0.421905
684 664 -0.832961
684 684 3.6657
684 685 -2.05815
684 705 -0.368333
685 663 -0.910622
685 664 -0.696429
685 665 -1.89441
685 684 -2.05815
685 685 7.26249
685 686 -0.864877
685 705 -0.893363
686 665 -1.4273
686 668 -0.20228
686 685 -0.864877
686 686 7.77087
686 689 -2.52978
686 705 -1.96794
686 706 -0.857949
687 666 -0.265553
687 667 -1.77264
687 668 -1.5814
687 687 7.73721
687 688 -2.13565
687 689 -2.03952
687 707 -0.04
688 667 -0.0458667
688 670 -1.76235
688 687 -2.13565
688 688 7.86163
688 690 -0.317558
688 707 -1.39467
688 708 -2.27653
689 668 -0.135887
689 686 -2.52978
689 687 -2.03952
689 689 8.1507
689 706 -1.39439
689 707 -2.045
689 709 -0.04
690 669 -1.64706
690 670 -1.88863
690 672 -0.400448
690 688 -0.317558
690 690 7.53154
690 693 -2.05373
690 708 -1.18045
690 712 -0.113085
691 681 -1.00377
691 691 7.09135
691 692 -1.619
691 703 -0.952009
691 710 -1.159
691 711 -1.67382
691 713 -0.728554
692 671 -1.01646
692 672 -1.57719
692 681 -0.853485
692 691 -1.619
692 692 7.21139
692 693 -0.552036
692 713 -1.65686
693 672 -1.65216
693 690 -2.05373
693 692 -0.552036
693 693 7.91517
693 712 -2.51961
693 713 -1.18118
694 673 -0.429231
694 674 -2.11573
694 694 3.69575
694 695 -0.782038
694 714 -0.382564
695 674 -1.74098
695 678 -0.0954209
695 694 -0.782038
695 695 7.92935
695 699 -2.54598
695 714 -2.00077
695 715 -0.814926
696 675 -1.54585
696 676 -1.88903
696 678 -0.7656
696 696 7.14198
696 697 -0.977081
696 700 -1.17132
696 717 -0.849569
697 676 -1.69476
697 677 -0.900896
697 696 -0.977081
697 697 7.56146
697 698 -2.47292
697 717 -1.43222
697 718 -0.185531
698 677 -0.0282574
698 682 -1.96881
698 697 -2.47292
698 698 8.25684
698 704 -1.06611
698 716 -0.165476
698 718 -2.62184
699 678 -1.5545
699 695 -2.54598
699 699 8.34666
699 700 -2.5944
699 715 -1.58451
699 719 -0.128588
700 678 -0.820558
700 696 -1.17132
700 699 -2.5944
700 700 7.74596
700 717 -1.9469
700 719 -1.27172
701 679 -1.22124
701 683 -2.39484
701 701 7.51322
701 702 -1.43141
701 704 -0.117859
701 720 -1.41098
701 721 -0.981765
702 679 -0.568438
702 680 -1.68706
702 701 -1.43141
702 702 7.28255
702 703 -0.874475
702 721 -1.87335
702 722 -0.888537
703 680 -1.52145
703 681 -1.5878
703 691 -0.952009
703 702 -0.874475
703 703 7.25668
703 710 -1.94219
703 722 -0.483692
704 682 -1.30147
704 683 -2.05327
704 698 -1.06611
704 701 -0.117859
704 704 7.90101
704 716 -2.69643
704 720 -0.72065
705 684 -0.368333
705 685 -0.893363
705 686 -1.96794
705 705 3.64728
705 706 -0.405098
706 686 -0.857949
706 689 -1.39439
706 705 -0.405098
706 706 3.6257
706 709 -0.9616
707 687 -0.04
707 688 -1.39467
707 689 -2.045
707 707 7.51368
707 708 -0.833333
707 709 -1.42994
707 724 -1.83833
708 688 -2.27653
708 690 -1.18045
708 707 -0.833333
708 708 7.82101
708 712 -0.202372
708 723 -2.46889
708 724 -0.937083
709 689 -0.04
709 706 -0.9616
709 707 -1.42994
709 709 3.60742
709 724 -0.780303
709 725 -0.408106
710 691 -1.159
710 703 -1.94219
710 710 7.57899
710 711 -0.985491
710 722 -1.32608
710 726 -2.20784
711 691 -1.67382
711 710 -0.985491
711 711 7.95202
711 713 -1.81241
711 726 -0.379762
711 727 -2.8059
711 729 -0.35193
712 690 -0.113085
712 693 -2.51961
712 708 -0.202372
712 712 8.05836
712 713 -1.52694
712 723 -2.40753
712 728 -0.444557
712 729 -0.943525
713 691 -0.728554
713 692 -1.65686
713 693 -1.18118
713 711 -1.81241
713 712 -1.52694
713 713 7.36148
713 729 -0.5498
714 694 -0.382564
714 695 -2.00077
714 714 3.65299
714 715 -0.824801
714 730 -0.447037
715 695 -0.814926
715 699 -1.58451
715 714 -0.824801
715 715 7.16581
715 719 -1.40724
715 730 -1.79658
715 731 -0.829533
716 698 -0.165476
716 704 -2.69643
716 716 7.63366
716 718 -0.946793
716 720 -0.996395
716 732 -1.34066
716 733 -1.51648
717 696 -0.849569
717 697 -1.43222
717 700 -1.9469
717 717 7.41868
717 718 -1.03371
717 719 -0.340646
717 734 -1.87111
718 697 -0.185531
718 698 -2.62184
718 716 -0.946793
718 717 -1.03371
718 718 7.59322
718 733 -1.25751
718 734 -1.60901
719 699 -0.128588
719 700 -1.27172
719 715 -1.40724
719 717 -0.340646
719 719 7.01798
719 731 -1.63441
719 734 -0.411407
719 735 -1.11379
719 736 -0.799855
720 701 -1.41098
720 704 -0.72065
720 716 -0.996395
720 720 7.16095
720 721 -0.911097
720 732 -1.43333
720 737 -1.77531
721 701 -0.981765
721 702 -1.87335
721 720 -0.911097
721 721 7.66244
721 722 -1.25421
721 737 -0.0932654
721 739 -2.62842
722 702 -0.888537
722 703 -0.483692
722 710 -1.32608
722 721 -1.25421
722 722 7.25275
722 726 -0.82551
722 738 -2.20222
722 739 -0.343374
723 708 -2.46889
723 712 -2.40753
723 723 8.56876
723 724 -0.689394
723 728 -0.322531
723 740 -2.73219
724 707 -1.83833
724 708 -0.937083
724 709 -0.780303
724 723 -0.689394
724 724 7.26367
724 725 -2.09549
724 740 -0.981818
725 709 -0.408106
725 724 -2.09549
725 725 3.68527
725 740 -0.827062
725 741 -0.368333
726 710 -2.20784
726 711 -0.379762
726 722 -0.82551
726 726 7.47202
726 727 -0.882044
726 738 -1.25229
726 742 -1.99333
727 711 -2.8059
727 726 -0.882044
727 727 7.84253
727 729 -1.22509
727 742 -1.07692
727 744 -1.89625
728 712 -0.444557
728 723 -0.322531
728 728 7.33761
728 729 -1.7939
728 740 -1.39822
728 741 -0.858371
728 743 -1.90858
728 745 -0.683157
729 711 -0.35193
729 712 -0.943525
729 713 -0.5498
729 727 -1.22509
729 728 -1.7939
729 729 7.13115
729 744 -0.791973
729 745 -1.55652
730 714 -0.447037
730 715 -1.79658
730 730 3.59585
730 731 -0.932234
730 746 -0.393333
731 715 -0.829533
731 719 -1.63441
731 730 -0.932234
731 731 7.21623
731 736 -1.06089
731 746 -2.10467
731 747 -0.7
732 716 -1.34066
732 720 -1.43333
732 732 7.43345
732 733 -0.840883
732 737 -1.2837
732 748 -2.24533
732 749 -0.34965
733 716 -1.51648
733 718 -1.25751
733 732 -0.840883
733 733 7.3461
733 734 -1.00692
733 748 -0.463357
733 750 -2.31428
734 717 -1.87111
734 718 -1.60901
734 719 -0.411407
734 733 -1.00692
734 734 7.97951
734 735 -2.86393
734 750 -0.284336
735 719 -1.11379
735 734 -2.86393
735 735 7.84713
735 736 -1.86684
735 750 -0.87543
735 751 -1.18648
736 719 -0.799855
736 731 -1.06089
736 735 -1.86684
736 736 7.413
736 747 -2.30467
736 751 -0.925092
736 752 -0.5
737 720 -1.77531
737 721 -0.0932654
737 732 -1.2837
737 737 7.8506
737 739 -2.74925
737 749 -0.594267
737 753 -1.40385
738 722 -2.20222
738 726 -1.25229
738 738 7.36827
738 739 -1.48916
738 742 -0.571978
738 754 -0.938522
738 755 -0.953397
739 721 -2.62842
739 722 -0.343374
739 737 -2.74925
739 738 -1.48916
739 739 8.18997
739 753 -0.365491
739 755 -0.664553
740 723 -2.73219
740 724 -0.981818
740 725 -0.827062
740 728 -1.39822
740 740 7.88451
740 741 -1.99838
741 725 -0.368333
741 728 -0.858371
741 740 -1.99838
741 741 3.66164
741 743 -0.423636
742 726 -1.99333
742 727 -1.07692
742 738 -0.571978
742 742 7.56914
742 744 -0.923742
742 754 -0.739867
742 756 -2.30483
743 728 -1.90858
743 741 -0.423636
743 743 3.60972
743 745 -0.915528
743 757 -0.37875
744 727 -1.89625
744 729 -0.791973
744 742 -0.923742
744 744 7.32422
744 745 -1.07894
744 756 -0.559441
744 758 -2.14551
745 728 -0.683157
745 729 -1.55652
745 743 -0.915528
745 744 -1.07894
745 745 7.24581
745 757 -2.25723
745 758 -0.842727
746 730 -0.393333
746 731 -2.10467
746 746 3.69067
746 747 -0.711667
746 761 -0.498333
747 731 -0.7
747 736 -2.30467
747 746 -0.711667
747 747 7.3974
747 752 -0.744592
747 761 -1.92857
747 762 -1.08119
748 732 -2.24533
748 733 -0.463357
748 748 7.77402
748 749 -2.13189
748 750 -1.42607
748 764 -1.54315
749 732 -0.34965
749 737 -0.594267
749 748 -2.13189
749 749 7.71252
749 753 -1.42121
749 763 -2.21967
749 764 -1.08694
750 733 -2.31428
750 734 -0.284336
750 735 -0.87543
750 748 -1.42607
750 750 7.42467
750 751 -1.61818
750 764 -0.972028
751 735 -1.18648
751 736 -0.925092
751 750 -1.61818
751 751 7.52472
751 752 -2.49688
751 764 -1.12763
751 765 -0.224455
752 736 -0.5
752 747 -0.744592
752 751 -2.49688
752 752 8.07825
752 762 -2.17857
752 765 -2.18661
753 737 -1.40385
753 739 -0.365491
753 749 -1.42121
753 753 7.24703
753 755 -1.82281
753 763 -0.822395
753 766 -1.52068
754 738 -0.938522
754 742 -0.739867
754 754 7.30555
754 755 -1.84223
754 756 -2.03816
754 759 -0.0918488
754 760 -0.930337
754 767 -0.816739
755 738 -0.953397
755 739 -0.664553
755 753 -1.82281
755 754 -1.84223
755 755 7.17797
755 766 -0.816739
755 767 -1.18677
756 742 -2.30483
756 744 -0.559441
756 754 -2.03816
756 756 7.99863
756 758 -0.797487
756 759 -2.31326
757 743 -0.37875
757 745 -2.25723
757 757 3.7817
757 758 -0.680871
757 768 -0.452727
758 744 -2.14551
758 745 -0.842727
758 756 -0.797487
758 757 -0.680871
758 758 7.34781
758 759 -0.963636
758 768 -1.94545
759 754 -0.0918488
759 756 -2.31326
759 758 -0.963636
759 759 7.64485
759 760 -1.5022
759 768 -0.845225
759 769 -2.00705
760 754 -0.930337
760 759 -1.5022
760 760 7.11453
760 767 -1.38251
760 769 -0.774931
760 771 -0.872369
760 772 -1.74286
761 746 -0.498333
761 747 -1.92857
761 761 3.63548
761 762 -0.775
761 773 -0.421905
762 747 -1.08119
762 752 -2.17857
762 761 -0.775
762 762 7.55872
762 765 -0.201754
762 773 -1.90952
762 774 -1.47887
763 749 -2.21967
763 753 -0.822395
763 763 7.4259
763 764 -0.770774
763 766 -0.833562
763 770 -1.56913
763 775 -1.28399
764 748 -1.54315
764 749 -1.08694
764 750 -0.972028
764 751 -1.12763
764 763 -0.770774
764 764 7.27359
764 765 -1.76632
764 775 -0.0875721
765 751 -0.224455
765 752 -2.18661
765 762 -0.201754
765 764 -1.76632
765 765 7.70254
765 774 -0.735589
765 775 -2.11925
765 776 -0.547619
766 753 -1.52068
766 755 -0.816739
766 763 -0.833562
766 766 7.4165
766 767 -1.63165
766 770 -2.19943
766 777 -0.484601
767 754 -0.816739
767 755 -1.18677
767 760 -1.38251
767 766 -1.63165
767 767 7.2089
767 771 -1.85475
767 777 -0.440496
768 757 -0.452727
768 758 -1.94545
768 759 -0.845225
768 768 3.62086
768 769 -0.393333
769 759 -2.00705
769 760 -0.774931
769 768 -0.393333
769 769 3.65783
769 772 -0.485397
770 763 -1.56913
770 766 -2.19943
770 770 8.0936
770 775 -0.136742
770 777 -1.84783
770 778 -2.38809
771 760 -0.872369
771 767 -1.85475
771 771 7.84756
771 772 -0.902222
771 777 -1.56467
771 779 -2.7037
772 760 -1.74286
772 769 -0.485397
772 771 -0.902222
772 772 3.56952
772 779 -0.426667
773 761 -0.421905
773 762 -1.90952
773 773 3.61188
773 774 -0.963628
773 780 -0.331111
774 762 -1.47887
774 765 -0.735589
774 773 -0.963628
774 774 7.41047
774 776 -1.63667
774 780 -2.16667
774 781 -0.5
775 763 -1.28399
775 764 -0.0875721
775 765 -2.11925
775 770 -0.136742
775 775 7.93724
775 776 -2.30885
775 778 -2.028
775 782 -0.0583333
776 765 -0.547619
776 774 -1.63667
776 775 -2.30885
776 776 8.00507
776 781 -2.62109
776 782 -0.961225
777 766 -0.484601
777 767 -0.440496
777 770 -1.84783
777 771 -1.56467
777 777 7.16514
777 778 -0.955207
777 779 -0.0515873
777 783 -1.12557
777 784 -0.808889
778 770 -2.38809
778 775 -2.028
778 777 -0.955207
778 778 8.19966
778 782 -2.51152
778 783 -0.398196
779 771 -2.7037
779 772 -0.426667
779 777 -0.0515873
779 779 4.35434
779 784 -1.16
780 773 -0.331111
780 774 -2.16667
780 780 3.73519
780 781 -0.745741
780 785 -0.493333
781 774 -0.5
781 776 -2.62109
781 780 -0.745741
781 781 8.05972
781 782 -0.015051
781 785 -2.00917
781 786 -2.24
782 775 -0.0583333
782 776 -0.961225
782 778 -2.51152
782 781 -0.015051
782 782 7.71978
782 783 -1.22391
782 786 -1.95
782 787 -1.038
783 777 -1.12557
783 778 -0.398196
783 782 -1.22391
783 783 7.30014
783 784 -1.24444
783 787 -1.7031
783 788 -1.67167
784 777 -0.808889
784 779 -1.16
784 783 -1.24444
784 784 3.70667
784 788 -0.493333
785 780 -0.493333
785 781 -2.00917
785 785 3.73167
785 786 -0.506667
785 789 -0.743333
786 781 -2.24
786 782 -1.95
786 785 -0.506667
786 786 7.97583
786 787 -1.88167
786 789 -1.4375
787 782 -1.038
787 783 -1.7031
787 786 -1.88167
787 787 7.69076
787 788 -1
787 789 -0.075
787 790 -2.075
788 783 -1.67167
788 784 -0.493333
788 787 -1
788 788 3.57667
788 790 -0.415
789 785 -0.743333
789 786 -1.4375
789 787 -0.075
789 789 3.72583
789 790 -0.45
789 791 -0.993333
790 787 -2.075
790 788 -0.415
790 789 -0.45
790 790 3.90667
790 791 -1
791 789 -0.993333
